H8 Convergence Test - 32x16x1 Mesh
1122  1  1  1
1  1  1  1  0.0000000000  -0.5000000000  -0.0500000000
2  1  1  1  0.0000000000  -0.5000000000  0.0500000000
3  1  1  1  0.0000000000  -0.4375000000  -0.0500000000
4  1  1  1  0.0000000000  -0.4375000000  0.0500000000
5  1  1  1  0.0000000000  -0.3750000000  -0.0500000000
6  1  1  1  0.0000000000  -0.3750000000  0.0500000000
7  1  1  1  0.0000000000  -0.3125000000  -0.0500000000
8  1  1  1  0.0000000000  -0.3125000000  0.0500000000
9  1  1  1  0.0000000000  -0.2500000000  -0.0500000000
10  1  1  1  0.0000000000  -0.2500000000  0.0500000000
11  1  1  1  0.0000000000  -0.1875000000  -0.0500000000
12  1  1  1  0.0000000000  -0.1875000000  0.0500000000
13  1  1  1  0.0000000000  -0.1250000000  -0.0500000000
14  1  1  1  0.0000000000  -0.1250000000  0.0500000000
15  1  1  1  0.0000000000  -0.0625000000  -0.0500000000
16  1  1  1  0.0000000000  -0.0625000000  0.0500000000
17  1  1  1  0.0000000000  0.0000000000  -0.0500000000
18  1  1  1  0.0000000000  0.0000000000  0.0500000000
19  1  1  1  0.0000000000  0.0625000000  -0.0500000000
20  1  1  1  0.0000000000  0.0625000000  0.0500000000
21  1  1  1  0.0000000000  0.1250000000  -0.0500000000
22  1  1  1  0.0000000000  0.1250000000  0.0500000000
23  1  1  1  0.0000000000  0.1875000000  -0.0500000000
24  1  1  1  0.0000000000  0.1875000000  0.0500000000
25  1  1  1  0.0000000000  0.2500000000  -0.0500000000
26  1  1  1  0.0000000000  0.2500000000  0.0500000000
27  1  1  1  0.0000000000  0.3125000000  -0.0500000000
28  1  1  1  0.0000000000  0.3125000000  0.0500000000
29  1  1  1  0.0000000000  0.3750000000  -0.0500000000
30  1  1  1  0.0000000000  0.3750000000  0.0500000000
31  1  1  1  0.0000000000  0.4375000000  -0.0500000000
32  1  1  1  0.0000000000  0.4375000000  0.0500000000
33  1  1  1  0.0000000000  0.5000000000  -0.0500000000
34  1  1  1  0.0000000000  0.5000000000  0.0500000000
35  0  0  0  0.3125000000  -0.5000000000  -0.0500000000
36  0  0  0  0.3125000000  -0.5000000000  0.0500000000
37  0  0  0  0.3125000000  -0.4375000000  -0.0500000000
38  0  0  0  0.3125000000  -0.4375000000  0.0500000000
39  0  0  0  0.3125000000  -0.3750000000  -0.0500000000
40  0  0  0  0.3125000000  -0.3750000000  0.0500000000
41  0  0  0  0.3125000000  -0.3125000000  -0.0500000000
42  0  0  0  0.3125000000  -0.3125000000  0.0500000000
43  0  0  0  0.3125000000  -0.2500000000  -0.0500000000
44  0  0  0  0.3125000000  -0.2500000000  0.0500000000
45  0  0  0  0.3125000000  -0.1875000000  -0.0500000000
46  0  0  0  0.3125000000  -0.1875000000  0.0500000000
47  0  0  0  0.3125000000  -0.1250000000  -0.0500000000
48  0  0  0  0.3125000000  -0.1250000000  0.0500000000
49  0  0  0  0.3125000000  -0.0625000000  -0.0500000000
50  0  0  0  0.3125000000  -0.0625000000  0.0500000000
51  0  0  0  0.3125000000  0.0000000000  -0.0500000000
52  0  0  0  0.3125000000  0.0000000000  0.0500000000
53  0  0  0  0.3125000000  0.0625000000  -0.0500000000
54  0  0  0  0.3125000000  0.0625000000  0.0500000000
55  0  0  0  0.3125000000  0.1250000000  -0.0500000000
56  0  0  0  0.3125000000  0.1250000000  0.0500000000
57  0  0  0  0.3125000000  0.1875000000  -0.0500000000
58  0  0  0  0.3125000000  0.1875000000  0.0500000000
59  0  0  0  0.3125000000  0.2500000000  -0.0500000000
60  0  0  0  0.3125000000  0.2500000000  0.0500000000
61  0  0  0  0.3125000000  0.3125000000  -0.0500000000
62  0  0  0  0.3125000000  0.3125000000  0.0500000000
63  0  0  0  0.3125000000  0.3750000000  -0.0500000000
64  0  0  0  0.3125000000  0.3750000000  0.0500000000
65  0  0  0  0.3125000000  0.4375000000  -0.0500000000
66  0  0  0  0.3125000000  0.4375000000  0.0500000000
67  0  0  0  0.3125000000  0.5000000000  -0.0500000000
68  0  0  0  0.3125000000  0.5000000000  0.0500000000
69  0  0  0  0.6250000000  -0.5000000000  -0.0500000000
70  0  0  0  0.6250000000  -0.5000000000  0.0500000000
71  0  0  0  0.6250000000  -0.4375000000  -0.0500000000
72  0  0  0  0.6250000000  -0.4375000000  0.0500000000
73  0  0  0  0.6250000000  -0.3750000000  -0.0500000000
74  0  0  0  0.6250000000  -0.3750000000  0.0500000000
75  0  0  0  0.6250000000  -0.3125000000  -0.0500000000
76  0  0  0  0.6250000000  -0.3125000000  0.0500000000
77  0  0  0  0.6250000000  -0.2500000000  -0.0500000000
78  0  0  0  0.6250000000  -0.2500000000  0.0500000000
79  0  0  0  0.6250000000  -0.1875000000  -0.0500000000
80  0  0  0  0.6250000000  -0.1875000000  0.0500000000
81  0  0  0  0.6250000000  -0.1250000000  -0.0500000000
82  0  0  0  0.6250000000  -0.1250000000  0.0500000000
83  0  0  0  0.6250000000  -0.0625000000  -0.0500000000
84  0  0  0  0.6250000000  -0.0625000000  0.0500000000
85  0  0  0  0.6250000000  0.0000000000  -0.0500000000
86  0  0  0  0.6250000000  0.0000000000  0.0500000000
87  0  0  0  0.6250000000  0.0625000000  -0.0500000000
88  0  0  0  0.6250000000  0.0625000000  0.0500000000
89  0  0  0  0.6250000000  0.1250000000  -0.0500000000
90  0  0  0  0.6250000000  0.1250000000  0.0500000000
91  0  0  0  0.6250000000  0.1875000000  -0.0500000000
92  0  0  0  0.6250000000  0.1875000000  0.0500000000
93  0  0  0  0.6250000000  0.2500000000  -0.0500000000
94  0  0  0  0.6250000000  0.2500000000  0.0500000000
95  0  0  0  0.6250000000  0.3125000000  -0.0500000000
96  0  0  0  0.6250000000  0.3125000000  0.0500000000
97  0  0  0  0.6250000000  0.3750000000  -0.0500000000
98  0  0  0  0.6250000000  0.3750000000  0.0500000000
99  0  0  0  0.6250000000  0.4375000000  -0.0500000000
100  0  0  0  0.6250000000  0.4375000000  0.0500000000
101  0  0  0  0.6250000000  0.5000000000  -0.0500000000
102  0  0  0  0.6250000000  0.5000000000  0.0500000000
103  0  0  0  0.9375000000  -0.5000000000  -0.0500000000
104  0  0  0  0.9375000000  -0.5000000000  0.0500000000
105  0  0  0  0.9375000000  -0.4375000000  -0.0500000000
106  0  0  0  0.9375000000  -0.4375000000  0.0500000000
107  0  0  0  0.9375000000  -0.3750000000  -0.0500000000
108  0  0  0  0.9375000000  -0.3750000000  0.0500000000
109  0  0  0  0.9375000000  -0.3125000000  -0.0500000000
110  0  0  0  0.9375000000  -0.3125000000  0.0500000000
111  0  0  0  0.9375000000  -0.2500000000  -0.0500000000
112  0  0  0  0.9375000000  -0.2500000000  0.0500000000
113  0  0  0  0.9375000000  -0.1875000000  -0.0500000000
114  0  0  0  0.9375000000  -0.1875000000  0.0500000000
115  0  0  0  0.9375000000  -0.1250000000  -0.0500000000
116  0  0  0  0.9375000000  -0.1250000000  0.0500000000
117  0  0  0  0.9375000000  -0.0625000000  -0.0500000000
118  0  0  0  0.9375000000  -0.0625000000  0.0500000000
119  0  0  0  0.9375000000  0.0000000000  -0.0500000000
120  0  0  0  0.9375000000  0.0000000000  0.0500000000
121  0  0  0  0.9375000000  0.0625000000  -0.0500000000
122  0  0  0  0.9375000000  0.0625000000  0.0500000000
123  0  0  0  0.9375000000  0.1250000000  -0.0500000000
124  0  0  0  0.9375000000  0.1250000000  0.0500000000
125  0  0  0  0.9375000000  0.1875000000  -0.0500000000
126  0  0  0  0.9375000000  0.1875000000  0.0500000000
127  0  0  0  0.9375000000  0.2500000000  -0.0500000000
128  0  0  0  0.9375000000  0.2500000000  0.0500000000
129  0  0  0  0.9375000000  0.3125000000  -0.0500000000
130  0  0  0  0.9375000000  0.3125000000  0.0500000000
131  0  0  0  0.9375000000  0.3750000000  -0.0500000000
132  0  0  0  0.9375000000  0.3750000000  0.0500000000
133  0  0  0  0.9375000000  0.4375000000  -0.0500000000
134  0  0  0  0.9375000000  0.4375000000  0.0500000000
135  0  0  0  0.9375000000  0.5000000000  -0.0500000000
136  0  0  0  0.9375000000  0.5000000000  0.0500000000
137  0  0  0  1.2500000000  -0.5000000000  -0.0500000000
138  0  0  0  1.2500000000  -0.5000000000  0.0500000000
139  0  0  0  1.2500000000  -0.4375000000  -0.0500000000
140  0  0  0  1.2500000000  -0.4375000000  0.0500000000
141  0  0  0  1.2500000000  -0.3750000000  -0.0500000000
142  0  0  0  1.2500000000  -0.3750000000  0.0500000000
143  0  0  0  1.2500000000  -0.3125000000  -0.0500000000
144  0  0  0  1.2500000000  -0.3125000000  0.0500000000
145  0  0  0  1.2500000000  -0.2500000000  -0.0500000000
146  0  0  0  1.2500000000  -0.2500000000  0.0500000000
147  0  0  0  1.2500000000  -0.1875000000  -0.0500000000
148  0  0  0  1.2500000000  -0.1875000000  0.0500000000
149  0  0  0  1.2500000000  -0.1250000000  -0.0500000000
150  0  0  0  1.2500000000  -0.1250000000  0.0500000000
151  0  0  0  1.2500000000  -0.0625000000  -0.0500000000
152  0  0  0  1.2500000000  -0.0625000000  0.0500000000
153  0  0  0  1.2500000000  0.0000000000  -0.0500000000
154  0  0  0  1.2500000000  0.0000000000  0.0500000000
155  0  0  0  1.2500000000  0.0625000000  -0.0500000000
156  0  0  0  1.2500000000  0.0625000000  0.0500000000
157  0  0  0  1.2500000000  0.1250000000  -0.0500000000
158  0  0  0  1.2500000000  0.1250000000  0.0500000000
159  0  0  0  1.2500000000  0.1875000000  -0.0500000000
160  0  0  0  1.2500000000  0.1875000000  0.0500000000
161  0  0  0  1.2500000000  0.2500000000  -0.0500000000
162  0  0  0  1.2500000000  0.2500000000  0.0500000000
163  0  0  0  1.2500000000  0.3125000000  -0.0500000000
164  0  0  0  1.2500000000  0.3125000000  0.0500000000
165  0  0  0  1.2500000000  0.3750000000  -0.0500000000
166  0  0  0  1.2500000000  0.3750000000  0.0500000000
167  0  0  0  1.2500000000  0.4375000000  -0.0500000000
168  0  0  0  1.2500000000  0.4375000000  0.0500000000
169  0  0  0  1.2500000000  0.5000000000  -0.0500000000
170  0  0  0  1.2500000000  0.5000000000  0.0500000000
171  0  0  0  1.5625000000  -0.5000000000  -0.0500000000
172  0  0  0  1.5625000000  -0.5000000000  0.0500000000
173  0  0  0  1.5625000000  -0.4375000000  -0.0500000000
174  0  0  0  1.5625000000  -0.4375000000  0.0500000000
175  0  0  0  1.5625000000  -0.3750000000  -0.0500000000
176  0  0  0  1.5625000000  -0.3750000000  0.0500000000
177  0  0  0  1.5625000000  -0.3125000000  -0.0500000000
178  0  0  0  1.5625000000  -0.3125000000  0.0500000000
179  0  0  0  1.5625000000  -0.2500000000  -0.0500000000
180  0  0  0  1.5625000000  -0.2500000000  0.0500000000
181  0  0  0  1.5625000000  -0.1875000000  -0.0500000000
182  0  0  0  1.5625000000  -0.1875000000  0.0500000000
183  0  0  0  1.5625000000  -0.1250000000  -0.0500000000
184  0  0  0  1.5625000000  -0.1250000000  0.0500000000
185  0  0  0  1.5625000000  -0.0625000000  -0.0500000000
186  0  0  0  1.5625000000  -0.0625000000  0.0500000000
187  0  0  0  1.5625000000  0.0000000000  -0.0500000000
188  0  0  0  1.5625000000  0.0000000000  0.0500000000
189  0  0  0  1.5625000000  0.0625000000  -0.0500000000
190  0  0  0  1.5625000000  0.0625000000  0.0500000000
191  0  0  0  1.5625000000  0.1250000000  -0.0500000000
192  0  0  0  1.5625000000  0.1250000000  0.0500000000
193  0  0  0  1.5625000000  0.1875000000  -0.0500000000
194  0  0  0  1.5625000000  0.1875000000  0.0500000000
195  0  0  0  1.5625000000  0.2500000000  -0.0500000000
196  0  0  0  1.5625000000  0.2500000000  0.0500000000
197  0  0  0  1.5625000000  0.3125000000  -0.0500000000
198  0  0  0  1.5625000000  0.3125000000  0.0500000000
199  0  0  0  1.5625000000  0.3750000000  -0.0500000000
200  0  0  0  1.5625000000  0.3750000000  0.0500000000
201  0  0  0  1.5625000000  0.4375000000  -0.0500000000
202  0  0  0  1.5625000000  0.4375000000  0.0500000000
203  0  0  0  1.5625000000  0.5000000000  -0.0500000000
204  0  0  0  1.5625000000  0.5000000000  0.0500000000
205  0  0  0  1.8750000000  -0.5000000000  -0.0500000000
206  0  0  0  1.8750000000  -0.5000000000  0.0500000000
207  0  0  0  1.8750000000  -0.4375000000  -0.0500000000
208  0  0  0  1.8750000000  -0.4375000000  0.0500000000
209  0  0  0  1.8750000000  -0.3750000000  -0.0500000000
210  0  0  0  1.8750000000  -0.3750000000  0.0500000000
211  0  0  0  1.8750000000  -0.3125000000  -0.0500000000
212  0  0  0  1.8750000000  -0.3125000000  0.0500000000
213  0  0  0  1.8750000000  -0.2500000000  -0.0500000000
214  0  0  0  1.8750000000  -0.2500000000  0.0500000000
215  0  0  0  1.8750000000  -0.1875000000  -0.0500000000
216  0  0  0  1.8750000000  -0.1875000000  0.0500000000
217  0  0  0  1.8750000000  -0.1250000000  -0.0500000000
218  0  0  0  1.8750000000  -0.1250000000  0.0500000000
219  0  0  0  1.8750000000  -0.0625000000  -0.0500000000
220  0  0  0  1.8750000000  -0.0625000000  0.0500000000
221  0  0  0  1.8750000000  0.0000000000  -0.0500000000
222  0  0  0  1.8750000000  0.0000000000  0.0500000000
223  0  0  0  1.8750000000  0.0625000000  -0.0500000000
224  0  0  0  1.8750000000  0.0625000000  0.0500000000
225  0  0  0  1.8750000000  0.1250000000  -0.0500000000
226  0  0  0  1.8750000000  0.1250000000  0.0500000000
227  0  0  0  1.8750000000  0.1875000000  -0.0500000000
228  0  0  0  1.8750000000  0.1875000000  0.0500000000
229  0  0  0  1.8750000000  0.2500000000  -0.0500000000
230  0  0  0  1.8750000000  0.2500000000  0.0500000000
231  0  0  0  1.8750000000  0.3125000000  -0.0500000000
232  0  0  0  1.8750000000  0.3125000000  0.0500000000
233  0  0  0  1.8750000000  0.3750000000  -0.0500000000
234  0  0  0  1.8750000000  0.3750000000  0.0500000000
235  0  0  0  1.8750000000  0.4375000000  -0.0500000000
236  0  0  0  1.8750000000  0.4375000000  0.0500000000
237  0  0  0  1.8750000000  0.5000000000  -0.0500000000
238  0  0  0  1.8750000000  0.5000000000  0.0500000000
239  0  0  0  2.1875000000  -0.5000000000  -0.0500000000
240  0  0  0  2.1875000000  -0.5000000000  0.0500000000
241  0  0  0  2.1875000000  -0.4375000000  -0.0500000000
242  0  0  0  2.1875000000  -0.4375000000  0.0500000000
243  0  0  0  2.1875000000  -0.3750000000  -0.0500000000
244  0  0  0  2.1875000000  -0.3750000000  0.0500000000
245  0  0  0  2.1875000000  -0.3125000000  -0.0500000000
246  0  0  0  2.1875000000  -0.3125000000  0.0500000000
247  0  0  0  2.1875000000  -0.2500000000  -0.0500000000
248  0  0  0  2.1875000000  -0.2500000000  0.0500000000
249  0  0  0  2.1875000000  -0.1875000000  -0.0500000000
250  0  0  0  2.1875000000  -0.1875000000  0.0500000000
251  0  0  0  2.1875000000  -0.1250000000  -0.0500000000
252  0  0  0  2.1875000000  -0.1250000000  0.0500000000
253  0  0  0  2.1875000000  -0.0625000000  -0.0500000000
254  0  0  0  2.1875000000  -0.0625000000  0.0500000000
255  0  0  0  2.1875000000  0.0000000000  -0.0500000000
256  0  0  0  2.1875000000  0.0000000000  0.0500000000
257  0  0  0  2.1875000000  0.0625000000  -0.0500000000
258  0  0  0  2.1875000000  0.0625000000  0.0500000000
259  0  0  0  2.1875000000  0.1250000000  -0.0500000000
260  0  0  0  2.1875000000  0.1250000000  0.0500000000
261  0  0  0  2.1875000000  0.1875000000  -0.0500000000
262  0  0  0  2.1875000000  0.1875000000  0.0500000000
263  0  0  0  2.1875000000  0.2500000000  -0.0500000000
264  0  0  0  2.1875000000  0.2500000000  0.0500000000
265  0  0  0  2.1875000000  0.3125000000  -0.0500000000
266  0  0  0  2.1875000000  0.3125000000  0.0500000000
267  0  0  0  2.1875000000  0.3750000000  -0.0500000000
268  0  0  0  2.1875000000  0.3750000000  0.0500000000
269  0  0  0  2.1875000000  0.4375000000  -0.0500000000
270  0  0  0  2.1875000000  0.4375000000  0.0500000000
271  0  0  0  2.1875000000  0.5000000000  -0.0500000000
272  0  0  0  2.1875000000  0.5000000000  0.0500000000
273  0  0  0  2.5000000000  -0.5000000000  -0.0500000000
274  0  0  0  2.5000000000  -0.5000000000  0.0500000000
275  0  0  0  2.5000000000  -0.4375000000  -0.0500000000
276  0  0  0  2.5000000000  -0.4375000000  0.0500000000
277  0  0  0  2.5000000000  -0.3750000000  -0.0500000000
278  0  0  0  2.5000000000  -0.3750000000  0.0500000000
279  0  0  0  2.5000000000  -0.3125000000  -0.0500000000
280  0  0  0  2.5000000000  -0.3125000000  0.0500000000
281  0  0  0  2.5000000000  -0.2500000000  -0.0500000000
282  0  0  0  2.5000000000  -0.2500000000  0.0500000000
283  0  0  0  2.5000000000  -0.1875000000  -0.0500000000
284  0  0  0  2.5000000000  -0.1875000000  0.0500000000
285  0  0  0  2.5000000000  -0.1250000000  -0.0500000000
286  0  0  0  2.5000000000  -0.1250000000  0.0500000000
287  0  0  0  2.5000000000  -0.0625000000  -0.0500000000
288  0  0  0  2.5000000000  -0.0625000000  0.0500000000
289  0  0  0  2.5000000000  0.0000000000  -0.0500000000
290  0  0  0  2.5000000000  0.0000000000  0.0500000000
291  0  0  0  2.5000000000  0.0625000000  -0.0500000000
292  0  0  0  2.5000000000  0.0625000000  0.0500000000
293  0  0  0  2.5000000000  0.1250000000  -0.0500000000
294  0  0  0  2.5000000000  0.1250000000  0.0500000000
295  0  0  0  2.5000000000  0.1875000000  -0.0500000000
296  0  0  0  2.5000000000  0.1875000000  0.0500000000
297  0  0  0  2.5000000000  0.2500000000  -0.0500000000
298  0  0  0  2.5000000000  0.2500000000  0.0500000000
299  0  0  0  2.5000000000  0.3125000000  -0.0500000000
300  0  0  0  2.5000000000  0.3125000000  0.0500000000
301  0  0  0  2.5000000000  0.3750000000  -0.0500000000
302  0  0  0  2.5000000000  0.3750000000  0.0500000000
303  0  0  0  2.5000000000  0.4375000000  -0.0500000000
304  0  0  0  2.5000000000  0.4375000000  0.0500000000
305  0  0  0  2.5000000000  0.5000000000  -0.0500000000
306  0  0  0  2.5000000000  0.5000000000  0.0500000000
307  0  0  0  2.8125000000  -0.5000000000  -0.0500000000
308  0  0  0  2.8125000000  -0.5000000000  0.0500000000
309  0  0  0  2.8125000000  -0.4375000000  -0.0500000000
310  0  0  0  2.8125000000  -0.4375000000  0.0500000000
311  0  0  0  2.8125000000  -0.3750000000  -0.0500000000
312  0  0  0  2.8125000000  -0.3750000000  0.0500000000
313  0  0  0  2.8125000000  -0.3125000000  -0.0500000000
314  0  0  0  2.8125000000  -0.3125000000  0.0500000000
315  0  0  0  2.8125000000  -0.2500000000  -0.0500000000
316  0  0  0  2.8125000000  -0.2500000000  0.0500000000
317  0  0  0  2.8125000000  -0.1875000000  -0.0500000000
318  0  0  0  2.8125000000  -0.1875000000  0.0500000000
319  0  0  0  2.8125000000  -0.1250000000  -0.0500000000
320  0  0  0  2.8125000000  -0.1250000000  0.0500000000
321  0  0  0  2.8125000000  -0.0625000000  -0.0500000000
322  0  0  0  2.8125000000  -0.0625000000  0.0500000000
323  0  0  0  2.8125000000  0.0000000000  -0.0500000000
324  0  0  0  2.8125000000  0.0000000000  0.0500000000
325  0  0  0  2.8125000000  0.0625000000  -0.0500000000
326  0  0  0  2.8125000000  0.0625000000  0.0500000000
327  0  0  0  2.8125000000  0.1250000000  -0.0500000000
328  0  0  0  2.8125000000  0.1250000000  0.0500000000
329  0  0  0  2.8125000000  0.1875000000  -0.0500000000
330  0  0  0  2.8125000000  0.1875000000  0.0500000000
331  0  0  0  2.8125000000  0.2500000000  -0.0500000000
332  0  0  0  2.8125000000  0.2500000000  0.0500000000
333  0  0  0  2.8125000000  0.3125000000  -0.0500000000
334  0  0  0  2.8125000000  0.3125000000  0.0500000000
335  0  0  0  2.8125000000  0.3750000000  -0.0500000000
336  0  0  0  2.8125000000  0.3750000000  0.0500000000
337  0  0  0  2.8125000000  0.4375000000  -0.0500000000
338  0  0  0  2.8125000000  0.4375000000  0.0500000000
339  0  0  0  2.8125000000  0.5000000000  -0.0500000000
340  0  0  0  2.8125000000  0.5000000000  0.0500000000
341  0  0  0  3.1250000000  -0.5000000000  -0.0500000000
342  0  0  0  3.1250000000  -0.5000000000  0.0500000000
343  0  0  0  3.1250000000  -0.4375000000  -0.0500000000
344  0  0  0  3.1250000000  -0.4375000000  0.0500000000
345  0  0  0  3.1250000000  -0.3750000000  -0.0500000000
346  0  0  0  3.1250000000  -0.3750000000  0.0500000000
347  0  0  0  3.1250000000  -0.3125000000  -0.0500000000
348  0  0  0  3.1250000000  -0.3125000000  0.0500000000
349  0  0  0  3.1250000000  -0.2500000000  -0.0500000000
350  0  0  0  3.1250000000  -0.2500000000  0.0500000000
351  0  0  0  3.1250000000  -0.1875000000  -0.0500000000
352  0  0  0  3.1250000000  -0.1875000000  0.0500000000
353  0  0  0  3.1250000000  -0.1250000000  -0.0500000000
354  0  0  0  3.1250000000  -0.1250000000  0.0500000000
355  0  0  0  3.1250000000  -0.0625000000  -0.0500000000
356  0  0  0  3.1250000000  -0.0625000000  0.0500000000
357  0  0  0  3.1250000000  0.0000000000  -0.0500000000
358  0  0  0  3.1250000000  0.0000000000  0.0500000000
359  0  0  0  3.1250000000  0.0625000000  -0.0500000000
360  0  0  0  3.1250000000  0.0625000000  0.0500000000
361  0  0  0  3.1250000000  0.1250000000  -0.0500000000
362  0  0  0  3.1250000000  0.1250000000  0.0500000000
363  0  0  0  3.1250000000  0.1875000000  -0.0500000000
364  0  0  0  3.1250000000  0.1875000000  0.0500000000
365  0  0  0  3.1250000000  0.2500000000  -0.0500000000
366  0  0  0  3.1250000000  0.2500000000  0.0500000000
367  0  0  0  3.1250000000  0.3125000000  -0.0500000000
368  0  0  0  3.1250000000  0.3125000000  0.0500000000
369  0  0  0  3.1250000000  0.3750000000  -0.0500000000
370  0  0  0  3.1250000000  0.3750000000  0.0500000000
371  0  0  0  3.1250000000  0.4375000000  -0.0500000000
372  0  0  0  3.1250000000  0.4375000000  0.0500000000
373  0  0  0  3.1250000000  0.5000000000  -0.0500000000
374  0  0  0  3.1250000000  0.5000000000  0.0500000000
375  0  0  0  3.4375000000  -0.5000000000  -0.0500000000
376  0  0  0  3.4375000000  -0.5000000000  0.0500000000
377  0  0  0  3.4375000000  -0.4375000000  -0.0500000000
378  0  0  0  3.4375000000  -0.4375000000  0.0500000000
379  0  0  0  3.4375000000  -0.3750000000  -0.0500000000
380  0  0  0  3.4375000000  -0.3750000000  0.0500000000
381  0  0  0  3.4375000000  -0.3125000000  -0.0500000000
382  0  0  0  3.4375000000  -0.3125000000  0.0500000000
383  0  0  0  3.4375000000  -0.2500000000  -0.0500000000
384  0  0  0  3.4375000000  -0.2500000000  0.0500000000
385  0  0  0  3.4375000000  -0.1875000000  -0.0500000000
386  0  0  0  3.4375000000  -0.1875000000  0.0500000000
387  0  0  0  3.4375000000  -0.1250000000  -0.0500000000
388  0  0  0  3.4375000000  -0.1250000000  0.0500000000
389  0  0  0  3.4375000000  -0.0625000000  -0.0500000000
390  0  0  0  3.4375000000  -0.0625000000  0.0500000000
391  0  0  0  3.4375000000  0.0000000000  -0.0500000000
392  0  0  0  3.4375000000  0.0000000000  0.0500000000
393  0  0  0  3.4375000000  0.0625000000  -0.0500000000
394  0  0  0  3.4375000000  0.0625000000  0.0500000000
395  0  0  0  3.4375000000  0.1250000000  -0.0500000000
396  0  0  0  3.4375000000  0.1250000000  0.0500000000
397  0  0  0  3.4375000000  0.1875000000  -0.0500000000
398  0  0  0  3.4375000000  0.1875000000  0.0500000000
399  0  0  0  3.4375000000  0.2500000000  -0.0500000000
400  0  0  0  3.4375000000  0.2500000000  0.0500000000
401  0  0  0  3.4375000000  0.3125000000  -0.0500000000
402  0  0  0  3.4375000000  0.3125000000  0.0500000000
403  0  0  0  3.4375000000  0.3750000000  -0.0500000000
404  0  0  0  3.4375000000  0.3750000000  0.0500000000
405  0  0  0  3.4375000000  0.4375000000  -0.0500000000
406  0  0  0  3.4375000000  0.4375000000  0.0500000000
407  0  0  0  3.4375000000  0.5000000000  -0.0500000000
408  0  0  0  3.4375000000  0.5000000000  0.0500000000
409  0  0  0  3.7500000000  -0.5000000000  -0.0500000000
410  0  0  0  3.7500000000  -0.5000000000  0.0500000000
411  0  0  0  3.7500000000  -0.4375000000  -0.0500000000
412  0  0  0  3.7500000000  -0.4375000000  0.0500000000
413  0  0  0  3.7500000000  -0.3750000000  -0.0500000000
414  0  0  0  3.7500000000  -0.3750000000  0.0500000000
415  0  0  0  3.7500000000  -0.3125000000  -0.0500000000
416  0  0  0  3.7500000000  -0.3125000000  0.0500000000
417  0  0  0  3.7500000000  -0.2500000000  -0.0500000000
418  0  0  0  3.7500000000  -0.2500000000  0.0500000000
419  0  0  0  3.7500000000  -0.1875000000  -0.0500000000
420  0  0  0  3.7500000000  -0.1875000000  0.0500000000
421  0  0  0  3.7500000000  -0.1250000000  -0.0500000000
422  0  0  0  3.7500000000  -0.1250000000  0.0500000000
423  0  0  0  3.7500000000  -0.0625000000  -0.0500000000
424  0  0  0  3.7500000000  -0.0625000000  0.0500000000
425  0  0  0  3.7500000000  0.0000000000  -0.0500000000
426  0  0  0  3.7500000000  0.0000000000  0.0500000000
427  0  0  0  3.7500000000  0.0625000000  -0.0500000000
428  0  0  0  3.7500000000  0.0625000000  0.0500000000
429  0  0  0  3.7500000000  0.1250000000  -0.0500000000
430  0  0  0  3.7500000000  0.1250000000  0.0500000000
431  0  0  0  3.7500000000  0.1875000000  -0.0500000000
432  0  0  0  3.7500000000  0.1875000000  0.0500000000
433  0  0  0  3.7500000000  0.2500000000  -0.0500000000
434  0  0  0  3.7500000000  0.2500000000  0.0500000000
435  0  0  0  3.7500000000  0.3125000000  -0.0500000000
436  0  0  0  3.7500000000  0.3125000000  0.0500000000
437  0  0  0  3.7500000000  0.3750000000  -0.0500000000
438  0  0  0  3.7500000000  0.3750000000  0.0500000000
439  0  0  0  3.7500000000  0.4375000000  -0.0500000000
440  0  0  0  3.7500000000  0.4375000000  0.0500000000
441  0  0  0  3.7500000000  0.5000000000  -0.0500000000
442  0  0  0  3.7500000000  0.5000000000  0.0500000000
443  0  0  0  4.0625000000  -0.5000000000  -0.0500000000
444  0  0  0  4.0625000000  -0.5000000000  0.0500000000
445  0  0  0  4.0625000000  -0.4375000000  -0.0500000000
446  0  0  0  4.0625000000  -0.4375000000  0.0500000000
447  0  0  0  4.0625000000  -0.3750000000  -0.0500000000
448  0  0  0  4.0625000000  -0.3750000000  0.0500000000
449  0  0  0  4.0625000000  -0.3125000000  -0.0500000000
450  0  0  0  4.0625000000  -0.3125000000  0.0500000000
451  0  0  0  4.0625000000  -0.2500000000  -0.0500000000
452  0  0  0  4.0625000000  -0.2500000000  0.0500000000
453  0  0  0  4.0625000000  -0.1875000000  -0.0500000000
454  0  0  0  4.0625000000  -0.1875000000  0.0500000000
455  0  0  0  4.0625000000  -0.1250000000  -0.0500000000
456  0  0  0  4.0625000000  -0.1250000000  0.0500000000
457  0  0  0  4.0625000000  -0.0625000000  -0.0500000000
458  0  0  0  4.0625000000  -0.0625000000  0.0500000000
459  0  0  0  4.0625000000  0.0000000000  -0.0500000000
460  0  0  0  4.0625000000  0.0000000000  0.0500000000
461  0  0  0  4.0625000000  0.0625000000  -0.0500000000
462  0  0  0  4.0625000000  0.0625000000  0.0500000000
463  0  0  0  4.0625000000  0.1250000000  -0.0500000000
464  0  0  0  4.0625000000  0.1250000000  0.0500000000
465  0  0  0  4.0625000000  0.1875000000  -0.0500000000
466  0  0  0  4.0625000000  0.1875000000  0.0500000000
467  0  0  0  4.0625000000  0.2500000000  -0.0500000000
468  0  0  0  4.0625000000  0.2500000000  0.0500000000
469  0  0  0  4.0625000000  0.3125000000  -0.0500000000
470  0  0  0  4.0625000000  0.3125000000  0.0500000000
471  0  0  0  4.0625000000  0.3750000000  -0.0500000000
472  0  0  0  4.0625000000  0.3750000000  0.0500000000
473  0  0  0  4.0625000000  0.4375000000  -0.0500000000
474  0  0  0  4.0625000000  0.4375000000  0.0500000000
475  0  0  0  4.0625000000  0.5000000000  -0.0500000000
476  0  0  0  4.0625000000  0.5000000000  0.0500000000
477  0  0  0  4.3750000000  -0.5000000000  -0.0500000000
478  0  0  0  4.3750000000  -0.5000000000  0.0500000000
479  0  0  0  4.3750000000  -0.4375000000  -0.0500000000
480  0  0  0  4.3750000000  -0.4375000000  0.0500000000
481  0  0  0  4.3750000000  -0.3750000000  -0.0500000000
482  0  0  0  4.3750000000  -0.3750000000  0.0500000000
483  0  0  0  4.3750000000  -0.3125000000  -0.0500000000
484  0  0  0  4.3750000000  -0.3125000000  0.0500000000
485  0  0  0  4.3750000000  -0.2500000000  -0.0500000000
486  0  0  0  4.3750000000  -0.2500000000  0.0500000000
487  0  0  0  4.3750000000  -0.1875000000  -0.0500000000
488  0  0  0  4.3750000000  -0.1875000000  0.0500000000
489  0  0  0  4.3750000000  -0.1250000000  -0.0500000000
490  0  0  0  4.3750000000  -0.1250000000  0.0500000000
491  0  0  0  4.3750000000  -0.0625000000  -0.0500000000
492  0  0  0  4.3750000000  -0.0625000000  0.0500000000
493  0  0  0  4.3750000000  0.0000000000  -0.0500000000
494  0  0  0  4.3750000000  0.0000000000  0.0500000000
495  0  0  0  4.3750000000  0.0625000000  -0.0500000000
496  0  0  0  4.3750000000  0.0625000000  0.0500000000
497  0  0  0  4.3750000000  0.1250000000  -0.0500000000
498  0  0  0  4.3750000000  0.1250000000  0.0500000000
499  0  0  0  4.3750000000  0.1875000000  -0.0500000000
500  0  0  0  4.3750000000  0.1875000000  0.0500000000
501  0  0  0  4.3750000000  0.2500000000  -0.0500000000
502  0  0  0  4.3750000000  0.2500000000  0.0500000000
503  0  0  0  4.3750000000  0.3125000000  -0.0500000000
504  0  0  0  4.3750000000  0.3125000000  0.0500000000
505  0  0  0  4.3750000000  0.3750000000  -0.0500000000
506  0  0  0  4.3750000000  0.3750000000  0.0500000000
507  0  0  0  4.3750000000  0.4375000000  -0.0500000000
508  0  0  0  4.3750000000  0.4375000000  0.0500000000
509  0  0  0  4.3750000000  0.5000000000  -0.0500000000
510  0  0  0  4.3750000000  0.5000000000  0.0500000000
511  0  0  0  4.6875000000  -0.5000000000  -0.0500000000
512  0  0  0  4.6875000000  -0.5000000000  0.0500000000
513  0  0  0  4.6875000000  -0.4375000000  -0.0500000000
514  0  0  0  4.6875000000  -0.4375000000  0.0500000000
515  0  0  0  4.6875000000  -0.3750000000  -0.0500000000
516  0  0  0  4.6875000000  -0.3750000000  0.0500000000
517  0  0  0  4.6875000000  -0.3125000000  -0.0500000000
518  0  0  0  4.6875000000  -0.3125000000  0.0500000000
519  0  0  0  4.6875000000  -0.2500000000  -0.0500000000
520  0  0  0  4.6875000000  -0.2500000000  0.0500000000
521  0  0  0  4.6875000000  -0.1875000000  -0.0500000000
522  0  0  0  4.6875000000  -0.1875000000  0.0500000000
523  0  0  0  4.6875000000  -0.1250000000  -0.0500000000
524  0  0  0  4.6875000000  -0.1250000000  0.0500000000
525  0  0  0  4.6875000000  -0.0625000000  -0.0500000000
526  0  0  0  4.6875000000  -0.0625000000  0.0500000000
527  0  0  0  4.6875000000  0.0000000000  -0.0500000000
528  0  0  0  4.6875000000  0.0000000000  0.0500000000
529  0  0  0  4.6875000000  0.0625000000  -0.0500000000
530  0  0  0  4.6875000000  0.0625000000  0.0500000000
531  0  0  0  4.6875000000  0.1250000000  -0.0500000000
532  0  0  0  4.6875000000  0.1250000000  0.0500000000
533  0  0  0  4.6875000000  0.1875000000  -0.0500000000
534  0  0  0  4.6875000000  0.1875000000  0.0500000000
535  0  0  0  4.6875000000  0.2500000000  -0.0500000000
536  0  0  0  4.6875000000  0.2500000000  0.0500000000
537  0  0  0  4.6875000000  0.3125000000  -0.0500000000
538  0  0  0  4.6875000000  0.3125000000  0.0500000000
539  0  0  0  4.6875000000  0.3750000000  -0.0500000000
540  0  0  0  4.6875000000  0.3750000000  0.0500000000
541  0  0  0  4.6875000000  0.4375000000  -0.0500000000
542  0  0  0  4.6875000000  0.4375000000  0.0500000000
543  0  0  0  4.6875000000  0.5000000000  -0.0500000000
544  0  0  0  4.6875000000  0.5000000000  0.0500000000
545  0  0  0  5.0000000000  -0.5000000000  -0.0500000000
546  0  0  0  5.0000000000  -0.5000000000  0.0500000000
547  0  0  0  5.0000000000  -0.4375000000  -0.0500000000
548  0  0  0  5.0000000000  -0.4375000000  0.0500000000
549  0  0  0  5.0000000000  -0.3750000000  -0.0500000000
550  0  0  0  5.0000000000  -0.3750000000  0.0500000000
551  0  0  0  5.0000000000  -0.3125000000  -0.0500000000
552  0  0  0  5.0000000000  -0.3125000000  0.0500000000
553  0  0  0  5.0000000000  -0.2500000000  -0.0500000000
554  0  0  0  5.0000000000  -0.2500000000  0.0500000000
555  0  0  0  5.0000000000  -0.1875000000  -0.0500000000
556  0  0  0  5.0000000000  -0.1875000000  0.0500000000
557  0  0  0  5.0000000000  -0.1250000000  -0.0500000000
558  0  0  0  5.0000000000  -0.1250000000  0.0500000000
559  0  0  0  5.0000000000  -0.0625000000  -0.0500000000
560  0  0  0  5.0000000000  -0.0625000000  0.0500000000
561  0  0  0  5.0000000000  0.0000000000  -0.0500000000
562  0  0  0  5.0000000000  0.0000000000  0.0500000000
563  0  0  0  5.0000000000  0.0625000000  -0.0500000000
564  0  0  0  5.0000000000  0.0625000000  0.0500000000
565  0  0  0  5.0000000000  0.1250000000  -0.0500000000
566  0  0  0  5.0000000000  0.1250000000  0.0500000000
567  0  0  0  5.0000000000  0.1875000000  -0.0500000000
568  0  0  0  5.0000000000  0.1875000000  0.0500000000
569  0  0  0  5.0000000000  0.2500000000  -0.0500000000
570  0  0  0  5.0000000000  0.2500000000  0.0500000000
571  0  0  0  5.0000000000  0.3125000000  -0.0500000000
572  0  0  0  5.0000000000  0.3125000000  0.0500000000
573  0  0  0  5.0000000000  0.3750000000  -0.0500000000
574  0  0  0  5.0000000000  0.3750000000  0.0500000000
575  0  0  0  5.0000000000  0.4375000000  -0.0500000000
576  0  0  0  5.0000000000  0.4375000000  0.0500000000
577  0  0  0  5.0000000000  0.5000000000  -0.0500000000
578  0  0  0  5.0000000000  0.5000000000  0.0500000000
579  0  0  0  5.3125000000  -0.5000000000  -0.0500000000
580  0  0  0  5.3125000000  -0.5000000000  0.0500000000
581  0  0  0  5.3125000000  -0.4375000000  -0.0500000000
582  0  0  0  5.3125000000  -0.4375000000  0.0500000000
583  0  0  0  5.3125000000  -0.3750000000  -0.0500000000
584  0  0  0  5.3125000000  -0.3750000000  0.0500000000
585  0  0  0  5.3125000000  -0.3125000000  -0.0500000000
586  0  0  0  5.3125000000  -0.3125000000  0.0500000000
587  0  0  0  5.3125000000  -0.2500000000  -0.0500000000
588  0  0  0  5.3125000000  -0.2500000000  0.0500000000
589  0  0  0  5.3125000000  -0.1875000000  -0.0500000000
590  0  0  0  5.3125000000  -0.1875000000  0.0500000000
591  0  0  0  5.3125000000  -0.1250000000  -0.0500000000
592  0  0  0  5.3125000000  -0.1250000000  0.0500000000
593  0  0  0  5.3125000000  -0.0625000000  -0.0500000000
594  0  0  0  5.3125000000  -0.0625000000  0.0500000000
595  0  0  0  5.3125000000  0.0000000000  -0.0500000000
596  0  0  0  5.3125000000  0.0000000000  0.0500000000
597  0  0  0  5.3125000000  0.0625000000  -0.0500000000
598  0  0  0  5.3125000000  0.0625000000  0.0500000000
599  0  0  0  5.3125000000  0.1250000000  -0.0500000000
600  0  0  0  5.3125000000  0.1250000000  0.0500000000
601  0  0  0  5.3125000000  0.1875000000  -0.0500000000
602  0  0  0  5.3125000000  0.1875000000  0.0500000000
603  0  0  0  5.3125000000  0.2500000000  -0.0500000000
604  0  0  0  5.3125000000  0.2500000000  0.0500000000
605  0  0  0  5.3125000000  0.3125000000  -0.0500000000
606  0  0  0  5.3125000000  0.3125000000  0.0500000000
607  0  0  0  5.3125000000  0.3750000000  -0.0500000000
608  0  0  0  5.3125000000  0.3750000000  0.0500000000
609  0  0  0  5.3125000000  0.4375000000  -0.0500000000
610  0  0  0  5.3125000000  0.4375000000  0.0500000000
611  0  0  0  5.3125000000  0.5000000000  -0.0500000000
612  0  0  0  5.3125000000  0.5000000000  0.0500000000
613  0  0  0  5.6250000000  -0.5000000000  -0.0500000000
614  0  0  0  5.6250000000  -0.5000000000  0.0500000000
615  0  0  0  5.6250000000  -0.4375000000  -0.0500000000
616  0  0  0  5.6250000000  -0.4375000000  0.0500000000
617  0  0  0  5.6250000000  -0.3750000000  -0.0500000000
618  0  0  0  5.6250000000  -0.3750000000  0.0500000000
619  0  0  0  5.6250000000  -0.3125000000  -0.0500000000
620  0  0  0  5.6250000000  -0.3125000000  0.0500000000
621  0  0  0  5.6250000000  -0.2500000000  -0.0500000000
622  0  0  0  5.6250000000  -0.2500000000  0.0500000000
623  0  0  0  5.6250000000  -0.1875000000  -0.0500000000
624  0  0  0  5.6250000000  -0.1875000000  0.0500000000
625  0  0  0  5.6250000000  -0.1250000000  -0.0500000000
626  0  0  0  5.6250000000  -0.1250000000  0.0500000000
627  0  0  0  5.6250000000  -0.0625000000  -0.0500000000
628  0  0  0  5.6250000000  -0.0625000000  0.0500000000
629  0  0  0  5.6250000000  0.0000000000  -0.0500000000
630  0  0  0  5.6250000000  0.0000000000  0.0500000000
631  0  0  0  5.6250000000  0.0625000000  -0.0500000000
632  0  0  0  5.6250000000  0.0625000000  0.0500000000
633  0  0  0  5.6250000000  0.1250000000  -0.0500000000
634  0  0  0  5.6250000000  0.1250000000  0.0500000000
635  0  0  0  5.6250000000  0.1875000000  -0.0500000000
636  0  0  0  5.6250000000  0.1875000000  0.0500000000
637  0  0  0  5.6250000000  0.2500000000  -0.0500000000
638  0  0  0  5.6250000000  0.2500000000  0.0500000000
639  0  0  0  5.6250000000  0.3125000000  -0.0500000000
640  0  0  0  5.6250000000  0.3125000000  0.0500000000
641  0  0  0  5.6250000000  0.3750000000  -0.0500000000
642  0  0  0  5.6250000000  0.3750000000  0.0500000000
643  0  0  0  5.6250000000  0.4375000000  -0.0500000000
644  0  0  0  5.6250000000  0.4375000000  0.0500000000
645  0  0  0  5.6250000000  0.5000000000  -0.0500000000
646  0  0  0  5.6250000000  0.5000000000  0.0500000000
647  0  0  0  5.9375000000  -0.5000000000  -0.0500000000
648  0  0  0  5.9375000000  -0.5000000000  0.0500000000
649  0  0  0  5.9375000000  -0.4375000000  -0.0500000000
650  0  0  0  5.9375000000  -0.4375000000  0.0500000000
651  0  0  0  5.9375000000  -0.3750000000  -0.0500000000
652  0  0  0  5.9375000000  -0.3750000000  0.0500000000
653  0  0  0  5.9375000000  -0.3125000000  -0.0500000000
654  0  0  0  5.9375000000  -0.3125000000  0.0500000000
655  0  0  0  5.9375000000  -0.2500000000  -0.0500000000
656  0  0  0  5.9375000000  -0.2500000000  0.0500000000
657  0  0  0  5.9375000000  -0.1875000000  -0.0500000000
658  0  0  0  5.9375000000  -0.1875000000  0.0500000000
659  0  0  0  5.9375000000  -0.1250000000  -0.0500000000
660  0  0  0  5.9375000000  -0.1250000000  0.0500000000
661  0  0  0  5.9375000000  -0.0625000000  -0.0500000000
662  0  0  0  5.9375000000  -0.0625000000  0.0500000000
663  0  0  0  5.9375000000  0.0000000000  -0.0500000000
664  0  0  0  5.9375000000  0.0000000000  0.0500000000
665  0  0  0  5.9375000000  0.0625000000  -0.0500000000
666  0  0  0  5.9375000000  0.0625000000  0.0500000000
667  0  0  0  5.9375000000  0.1250000000  -0.0500000000
668  0  0  0  5.9375000000  0.1250000000  0.0500000000
669  0  0  0  5.9375000000  0.1875000000  -0.0500000000
670  0  0  0  5.9375000000  0.1875000000  0.0500000000
671  0  0  0  5.9375000000  0.2500000000  -0.0500000000
672  0  0  0  5.9375000000  0.2500000000  0.0500000000
673  0  0  0  5.9375000000  0.3125000000  -0.0500000000
674  0  0  0  5.9375000000  0.3125000000  0.0500000000
675  0  0  0  5.9375000000  0.3750000000  -0.0500000000
676  0  0  0  5.9375000000  0.3750000000  0.0500000000
677  0  0  0  5.9375000000  0.4375000000  -0.0500000000
678  0  0  0  5.9375000000  0.4375000000  0.0500000000
679  0  0  0  5.9375000000  0.5000000000  -0.0500000000
680  0  0  0  5.9375000000  0.5000000000  0.0500000000
681  0  0  0  6.2500000000  -0.5000000000  -0.0500000000
682  0  0  0  6.2500000000  -0.5000000000  0.0500000000
683  0  0  0  6.2500000000  -0.4375000000  -0.0500000000
684  0  0  0  6.2500000000  -0.4375000000  0.0500000000
685  0  0  0  6.2500000000  -0.3750000000  -0.0500000000
686  0  0  0  6.2500000000  -0.3750000000  0.0500000000
687  0  0  0  6.2500000000  -0.3125000000  -0.0500000000
688  0  0  0  6.2500000000  -0.3125000000  0.0500000000
689  0  0  0  6.2500000000  -0.2500000000  -0.0500000000
690  0  0  0  6.2500000000  -0.2500000000  0.0500000000
691  0  0  0  6.2500000000  -0.1875000000  -0.0500000000
692  0  0  0  6.2500000000  -0.1875000000  0.0500000000
693  0  0  0  6.2500000000  -0.1250000000  -0.0500000000
694  0  0  0  6.2500000000  -0.1250000000  0.0500000000
695  0  0  0  6.2500000000  -0.0625000000  -0.0500000000
696  0  0  0  6.2500000000  -0.0625000000  0.0500000000
697  0  0  0  6.2500000000  0.0000000000  -0.0500000000
698  0  0  0  6.2500000000  0.0000000000  0.0500000000
699  0  0  0  6.2500000000  0.0625000000  -0.0500000000
700  0  0  0  6.2500000000  0.0625000000  0.0500000000
701  0  0  0  6.2500000000  0.1250000000  -0.0500000000
702  0  0  0  6.2500000000  0.1250000000  0.0500000000
703  0  0  0  6.2500000000  0.1875000000  -0.0500000000
704  0  0  0  6.2500000000  0.1875000000  0.0500000000
705  0  0  0  6.2500000000  0.2500000000  -0.0500000000
706  0  0  0  6.2500000000  0.2500000000  0.0500000000
707  0  0  0  6.2500000000  0.3125000000  -0.0500000000
708  0  0  0  6.2500000000  0.3125000000  0.0500000000
709  0  0  0  6.2500000000  0.3750000000  -0.0500000000
710  0  0  0  6.2500000000  0.3750000000  0.0500000000
711  0  0  0  6.2500000000  0.4375000000  -0.0500000000
712  0  0  0  6.2500000000  0.4375000000  0.0500000000
713  0  0  0  6.2500000000  0.5000000000  -0.0500000000
714  0  0  0  6.2500000000  0.5000000000  0.0500000000
715  0  0  0  6.5625000000  -0.5000000000  -0.0500000000
716  0  0  0  6.5625000000  -0.5000000000  0.0500000000
717  0  0  0  6.5625000000  -0.4375000000  -0.0500000000
718  0  0  0  6.5625000000  -0.4375000000  0.0500000000
719  0  0  0  6.5625000000  -0.3750000000  -0.0500000000
720  0  0  0  6.5625000000  -0.3750000000  0.0500000000
721  0  0  0  6.5625000000  -0.3125000000  -0.0500000000
722  0  0  0  6.5625000000  -0.3125000000  0.0500000000
723  0  0  0  6.5625000000  -0.2500000000  -0.0500000000
724  0  0  0  6.5625000000  -0.2500000000  0.0500000000
725  0  0  0  6.5625000000  -0.1875000000  -0.0500000000
726  0  0  0  6.5625000000  -0.1875000000  0.0500000000
727  0  0  0  6.5625000000  -0.1250000000  -0.0500000000
728  0  0  0  6.5625000000  -0.1250000000  0.0500000000
729  0  0  0  6.5625000000  -0.0625000000  -0.0500000000
730  0  0  0  6.5625000000  -0.0625000000  0.0500000000
731  0  0  0  6.5625000000  0.0000000000  -0.0500000000
732  0  0  0  6.5625000000  0.0000000000  0.0500000000
733  0  0  0  6.5625000000  0.0625000000  -0.0500000000
734  0  0  0  6.5625000000  0.0625000000  0.0500000000
735  0  0  0  6.5625000000  0.1250000000  -0.0500000000
736  0  0  0  6.5625000000  0.1250000000  0.0500000000
737  0  0  0  6.5625000000  0.1875000000  -0.0500000000
738  0  0  0  6.5625000000  0.1875000000  0.0500000000
739  0  0  0  6.5625000000  0.2500000000  -0.0500000000
740  0  0  0  6.5625000000  0.2500000000  0.0500000000
741  0  0  0  6.5625000000  0.3125000000  -0.0500000000
742  0  0  0  6.5625000000  0.3125000000  0.0500000000
743  0  0  0  6.5625000000  0.3750000000  -0.0500000000
744  0  0  0  6.5625000000  0.3750000000  0.0500000000
745  0  0  0  6.5625000000  0.4375000000  -0.0500000000
746  0  0  0  6.5625000000  0.4375000000  0.0500000000
747  0  0  0  6.5625000000  0.5000000000  -0.0500000000
748  0  0  0  6.5625000000  0.5000000000  0.0500000000
749  0  0  0  6.8750000000  -0.5000000000  -0.0500000000
750  0  0  0  6.8750000000  -0.5000000000  0.0500000000
751  0  0  0  6.8750000000  -0.4375000000  -0.0500000000
752  0  0  0  6.8750000000  -0.4375000000  0.0500000000
753  0  0  0  6.8750000000  -0.3750000000  -0.0500000000
754  0  0  0  6.8750000000  -0.3750000000  0.0500000000
755  0  0  0  6.8750000000  -0.3125000000  -0.0500000000
756  0  0  0  6.8750000000  -0.3125000000  0.0500000000
757  0  0  0  6.8750000000  -0.2500000000  -0.0500000000
758  0  0  0  6.8750000000  -0.2500000000  0.0500000000
759  0  0  0  6.8750000000  -0.1875000000  -0.0500000000
760  0  0  0  6.8750000000  -0.1875000000  0.0500000000
761  0  0  0  6.8750000000  -0.1250000000  -0.0500000000
762  0  0  0  6.8750000000  -0.1250000000  0.0500000000
763  0  0  0  6.8750000000  -0.0625000000  -0.0500000000
764  0  0  0  6.8750000000  -0.0625000000  0.0500000000
765  0  0  0  6.8750000000  0.0000000000  -0.0500000000
766  0  0  0  6.8750000000  0.0000000000  0.0500000000
767  0  0  0  6.8750000000  0.0625000000  -0.0500000000
768  0  0  0  6.8750000000  0.0625000000  0.0500000000
769  0  0  0  6.8750000000  0.1250000000  -0.0500000000
770  0  0  0  6.8750000000  0.1250000000  0.0500000000
771  0  0  0  6.8750000000  0.1875000000  -0.0500000000
772  0  0  0  6.8750000000  0.1875000000  0.0500000000
773  0  0  0  6.8750000000  0.2500000000  -0.0500000000
774  0  0  0  6.8750000000  0.2500000000  0.0500000000
775  0  0  0  6.8750000000  0.3125000000  -0.0500000000
776  0  0  0  6.8750000000  0.3125000000  0.0500000000
777  0  0  0  6.8750000000  0.3750000000  -0.0500000000
778  0  0  0  6.8750000000  0.3750000000  0.0500000000
779  0  0  0  6.8750000000  0.4375000000  -0.0500000000
780  0  0  0  6.8750000000  0.4375000000  0.0500000000
781  0  0  0  6.8750000000  0.5000000000  -0.0500000000
782  0  0  0  6.8750000000  0.5000000000  0.0500000000
783  0  0  0  7.1875000000  -0.5000000000  -0.0500000000
784  0  0  0  7.1875000000  -0.5000000000  0.0500000000
785  0  0  0  7.1875000000  -0.4375000000  -0.0500000000
786  0  0  0  7.1875000000  -0.4375000000  0.0500000000
787  0  0  0  7.1875000000  -0.3750000000  -0.0500000000
788  0  0  0  7.1875000000  -0.3750000000  0.0500000000
789  0  0  0  7.1875000000  -0.3125000000  -0.0500000000
790  0  0  0  7.1875000000  -0.3125000000  0.0500000000
791  0  0  0  7.1875000000  -0.2500000000  -0.0500000000
792  0  0  0  7.1875000000  -0.2500000000  0.0500000000
793  0  0  0  7.1875000000  -0.1875000000  -0.0500000000
794  0  0  0  7.1875000000  -0.1875000000  0.0500000000
795  0  0  0  7.1875000000  -0.1250000000  -0.0500000000
796  0  0  0  7.1875000000  -0.1250000000  0.0500000000
797  0  0  0  7.1875000000  -0.0625000000  -0.0500000000
798  0  0  0  7.1875000000  -0.0625000000  0.0500000000
799  0  0  0  7.1875000000  0.0000000000  -0.0500000000
800  0  0  0  7.1875000000  0.0000000000  0.0500000000
801  0  0  0  7.1875000000  0.0625000000  -0.0500000000
802  0  0  0  7.1875000000  0.0625000000  0.0500000000
803  0  0  0  7.1875000000  0.1250000000  -0.0500000000
804  0  0  0  7.1875000000  0.1250000000  0.0500000000
805  0  0  0  7.1875000000  0.1875000000  -0.0500000000
806  0  0  0  7.1875000000  0.1875000000  0.0500000000
807  0  0  0  7.1875000000  0.2500000000  -0.0500000000
808  0  0  0  7.1875000000  0.2500000000  0.0500000000
809  0  0  0  7.1875000000  0.3125000000  -0.0500000000
810  0  0  0  7.1875000000  0.3125000000  0.0500000000
811  0  0  0  7.1875000000  0.3750000000  -0.0500000000
812  0  0  0  7.1875000000  0.3750000000  0.0500000000
813  0  0  0  7.1875000000  0.4375000000  -0.0500000000
814  0  0  0  7.1875000000  0.4375000000  0.0500000000
815  0  0  0  7.1875000000  0.5000000000  -0.0500000000
816  0  0  0  7.1875000000  0.5000000000  0.0500000000
817  0  0  0  7.5000000000  -0.5000000000  -0.0500000000
818  0  0  0  7.5000000000  -0.5000000000  0.0500000000
819  0  0  0  7.5000000000  -0.4375000000  -0.0500000000
820  0  0  0  7.5000000000  -0.4375000000  0.0500000000
821  0  0  0  7.5000000000  -0.3750000000  -0.0500000000
822  0  0  0  7.5000000000  -0.3750000000  0.0500000000
823  0  0  0  7.5000000000  -0.3125000000  -0.0500000000
824  0  0  0  7.5000000000  -0.3125000000  0.0500000000
825  0  0  0  7.5000000000  -0.2500000000  -0.0500000000
826  0  0  0  7.5000000000  -0.2500000000  0.0500000000
827  0  0  0  7.5000000000  -0.1875000000  -0.0500000000
828  0  0  0  7.5000000000  -0.1875000000  0.0500000000
829  0  0  0  7.5000000000  -0.1250000000  -0.0500000000
830  0  0  0  7.5000000000  -0.1250000000  0.0500000000
831  0  0  0  7.5000000000  -0.0625000000  -0.0500000000
832  0  0  0  7.5000000000  -0.0625000000  0.0500000000
833  0  0  0  7.5000000000  0.0000000000  -0.0500000000
834  0  0  0  7.5000000000  0.0000000000  0.0500000000
835  0  0  0  7.5000000000  0.0625000000  -0.0500000000
836  0  0  0  7.5000000000  0.0625000000  0.0500000000
837  0  0  0  7.5000000000  0.1250000000  -0.0500000000
838  0  0  0  7.5000000000  0.1250000000  0.0500000000
839  0  0  0  7.5000000000  0.1875000000  -0.0500000000
840  0  0  0  7.5000000000  0.1875000000  0.0500000000
841  0  0  0  7.5000000000  0.2500000000  -0.0500000000
842  0  0  0  7.5000000000  0.2500000000  0.0500000000
843  0  0  0  7.5000000000  0.3125000000  -0.0500000000
844  0  0  0  7.5000000000  0.3125000000  0.0500000000
845  0  0  0  7.5000000000  0.3750000000  -0.0500000000
846  0  0  0  7.5000000000  0.3750000000  0.0500000000
847  0  0  0  7.5000000000  0.4375000000  -0.0500000000
848  0  0  0  7.5000000000  0.4375000000  0.0500000000
849  0  0  0  7.5000000000  0.5000000000  -0.0500000000
850  0  0  0  7.5000000000  0.5000000000  0.0500000000
851  0  0  0  7.8125000000  -0.5000000000  -0.0500000000
852  0  0  0  7.8125000000  -0.5000000000  0.0500000000
853  0  0  0  7.8125000000  -0.4375000000  -0.0500000000
854  0  0  0  7.8125000000  -0.4375000000  0.0500000000
855  0  0  0  7.8125000000  -0.3750000000  -0.0500000000
856  0  0  0  7.8125000000  -0.3750000000  0.0500000000
857  0  0  0  7.8125000000  -0.3125000000  -0.0500000000
858  0  0  0  7.8125000000  -0.3125000000  0.0500000000
859  0  0  0  7.8125000000  -0.2500000000  -0.0500000000
860  0  0  0  7.8125000000  -0.2500000000  0.0500000000
861  0  0  0  7.8125000000  -0.1875000000  -0.0500000000
862  0  0  0  7.8125000000  -0.1875000000  0.0500000000
863  0  0  0  7.8125000000  -0.1250000000  -0.0500000000
864  0  0  0  7.8125000000  -0.1250000000  0.0500000000
865  0  0  0  7.8125000000  -0.0625000000  -0.0500000000
866  0  0  0  7.8125000000  -0.0625000000  0.0500000000
867  0  0  0  7.8125000000  0.0000000000  -0.0500000000
868  0  0  0  7.8125000000  0.0000000000  0.0500000000
869  0  0  0  7.8125000000  0.0625000000  -0.0500000000
870  0  0  0  7.8125000000  0.0625000000  0.0500000000
871  0  0  0  7.8125000000  0.1250000000  -0.0500000000
872  0  0  0  7.8125000000  0.1250000000  0.0500000000
873  0  0  0  7.8125000000  0.1875000000  -0.0500000000
874  0  0  0  7.8125000000  0.1875000000  0.0500000000
875  0  0  0  7.8125000000  0.2500000000  -0.0500000000
876  0  0  0  7.8125000000  0.2500000000  0.0500000000
877  0  0  0  7.8125000000  0.3125000000  -0.0500000000
878  0  0  0  7.8125000000  0.3125000000  0.0500000000
879  0  0  0  7.8125000000  0.3750000000  -0.0500000000
880  0  0  0  7.8125000000  0.3750000000  0.0500000000
881  0  0  0  7.8125000000  0.4375000000  -0.0500000000
882  0  0  0  7.8125000000  0.4375000000  0.0500000000
883  0  0  0  7.8125000000  0.5000000000  -0.0500000000
884  0  0  0  7.8125000000  0.5000000000  0.0500000000
885  0  0  0  8.1250000000  -0.5000000000  -0.0500000000
886  0  0  0  8.1250000000  -0.5000000000  0.0500000000
887  0  0  0  8.1250000000  -0.4375000000  -0.0500000000
888  0  0  0  8.1250000000  -0.4375000000  0.0500000000
889  0  0  0  8.1250000000  -0.3750000000  -0.0500000000
890  0  0  0  8.1250000000  -0.3750000000  0.0500000000
891  0  0  0  8.1250000000  -0.3125000000  -0.0500000000
892  0  0  0  8.1250000000  -0.3125000000  0.0500000000
893  0  0  0  8.1250000000  -0.2500000000  -0.0500000000
894  0  0  0  8.1250000000  -0.2500000000  0.0500000000
895  0  0  0  8.1250000000  -0.1875000000  -0.0500000000
896  0  0  0  8.1250000000  -0.1875000000  0.0500000000
897  0  0  0  8.1250000000  -0.1250000000  -0.0500000000
898  0  0  0  8.1250000000  -0.1250000000  0.0500000000
899  0  0  0  8.1250000000  -0.0625000000  -0.0500000000
900  0  0  0  8.1250000000  -0.0625000000  0.0500000000
901  0  0  0  8.1250000000  0.0000000000  -0.0500000000
902  0  0  0  8.1250000000  0.0000000000  0.0500000000
903  0  0  0  8.1250000000  0.0625000000  -0.0500000000
904  0  0  0  8.1250000000  0.0625000000  0.0500000000
905  0  0  0  8.1250000000  0.1250000000  -0.0500000000
906  0  0  0  8.1250000000  0.1250000000  0.0500000000
907  0  0  0  8.1250000000  0.1875000000  -0.0500000000
908  0  0  0  8.1250000000  0.1875000000  0.0500000000
909  0  0  0  8.1250000000  0.2500000000  -0.0500000000
910  0  0  0  8.1250000000  0.2500000000  0.0500000000
911  0  0  0  8.1250000000  0.3125000000  -0.0500000000
912  0  0  0  8.1250000000  0.3125000000  0.0500000000
913  0  0  0  8.1250000000  0.3750000000  -0.0500000000
914  0  0  0  8.1250000000  0.3750000000  0.0500000000
915  0  0  0  8.1250000000  0.4375000000  -0.0500000000
916  0  0  0  8.1250000000  0.4375000000  0.0500000000
917  0  0  0  8.1250000000  0.5000000000  -0.0500000000
918  0  0  0  8.1250000000  0.5000000000  0.0500000000
919  0  0  0  8.4375000000  -0.5000000000  -0.0500000000
920  0  0  0  8.4375000000  -0.5000000000  0.0500000000
921  0  0  0  8.4375000000  -0.4375000000  -0.0500000000
922  0  0  0  8.4375000000  -0.4375000000  0.0500000000
923  0  0  0  8.4375000000  -0.3750000000  -0.0500000000
924  0  0  0  8.4375000000  -0.3750000000  0.0500000000
925  0  0  0  8.4375000000  -0.3125000000  -0.0500000000
926  0  0  0  8.4375000000  -0.3125000000  0.0500000000
927  0  0  0  8.4375000000  -0.2500000000  -0.0500000000
928  0  0  0  8.4375000000  -0.2500000000  0.0500000000
929  0  0  0  8.4375000000  -0.1875000000  -0.0500000000
930  0  0  0  8.4375000000  -0.1875000000  0.0500000000
931  0  0  0  8.4375000000  -0.1250000000  -0.0500000000
932  0  0  0  8.4375000000  -0.1250000000  0.0500000000
933  0  0  0  8.4375000000  -0.0625000000  -0.0500000000
934  0  0  0  8.4375000000  -0.0625000000  0.0500000000
935  0  0  0  8.4375000000  0.0000000000  -0.0500000000
936  0  0  0  8.4375000000  0.0000000000  0.0500000000
937  0  0  0  8.4375000000  0.0625000000  -0.0500000000
938  0  0  0  8.4375000000  0.0625000000  0.0500000000
939  0  0  0  8.4375000000  0.1250000000  -0.0500000000
940  0  0  0  8.4375000000  0.1250000000  0.0500000000
941  0  0  0  8.4375000000  0.1875000000  -0.0500000000
942  0  0  0  8.4375000000  0.1875000000  0.0500000000
943  0  0  0  8.4375000000  0.2500000000  -0.0500000000
944  0  0  0  8.4375000000  0.2500000000  0.0500000000
945  0  0  0  8.4375000000  0.3125000000  -0.0500000000
946  0  0  0  8.4375000000  0.3125000000  0.0500000000
947  0  0  0  8.4375000000  0.3750000000  -0.0500000000
948  0  0  0  8.4375000000  0.3750000000  0.0500000000
949  0  0  0  8.4375000000  0.4375000000  -0.0500000000
950  0  0  0  8.4375000000  0.4375000000  0.0500000000
951  0  0  0  8.4375000000  0.5000000000  -0.0500000000
952  0  0  0  8.4375000000  0.5000000000  0.0500000000
953  0  0  0  8.7500000000  -0.5000000000  -0.0500000000
954  0  0  0  8.7500000000  -0.5000000000  0.0500000000
955  0  0  0  8.7500000000  -0.4375000000  -0.0500000000
956  0  0  0  8.7500000000  -0.4375000000  0.0500000000
957  0  0  0  8.7500000000  -0.3750000000  -0.0500000000
958  0  0  0  8.7500000000  -0.3750000000  0.0500000000
959  0  0  0  8.7500000000  -0.3125000000  -0.0500000000
960  0  0  0  8.7500000000  -0.3125000000  0.0500000000
961  0  0  0  8.7500000000  -0.2500000000  -0.0500000000
962  0  0  0  8.7500000000  -0.2500000000  0.0500000000
963  0  0  0  8.7500000000  -0.1875000000  -0.0500000000
964  0  0  0  8.7500000000  -0.1875000000  0.0500000000
965  0  0  0  8.7500000000  -0.1250000000  -0.0500000000
966  0  0  0  8.7500000000  -0.1250000000  0.0500000000
967  0  0  0  8.7500000000  -0.0625000000  -0.0500000000
968  0  0  0  8.7500000000  -0.0625000000  0.0500000000
969  0  0  0  8.7500000000  0.0000000000  -0.0500000000
970  0  0  0  8.7500000000  0.0000000000  0.0500000000
971  0  0  0  8.7500000000  0.0625000000  -0.0500000000
972  0  0  0  8.7500000000  0.0625000000  0.0500000000
973  0  0  0  8.7500000000  0.1250000000  -0.0500000000
974  0  0  0  8.7500000000  0.1250000000  0.0500000000
975  0  0  0  8.7500000000  0.1875000000  -0.0500000000
976  0  0  0  8.7500000000  0.1875000000  0.0500000000
977  0  0  0  8.7500000000  0.2500000000  -0.0500000000
978  0  0  0  8.7500000000  0.2500000000  0.0500000000
979  0  0  0  8.7500000000  0.3125000000  -0.0500000000
980  0  0  0  8.7500000000  0.3125000000  0.0500000000
981  0  0  0  8.7500000000  0.3750000000  -0.0500000000
982  0  0  0  8.7500000000  0.3750000000  0.0500000000
983  0  0  0  8.7500000000  0.4375000000  -0.0500000000
984  0  0  0  8.7500000000  0.4375000000  0.0500000000
985  0  0  0  8.7500000000  0.5000000000  -0.0500000000
986  0  0  0  8.7500000000  0.5000000000  0.0500000000
987  0  0  0  9.0625000000  -0.5000000000  -0.0500000000
988  0  0  0  9.0625000000  -0.5000000000  0.0500000000
989  0  0  0  9.0625000000  -0.4375000000  -0.0500000000
990  0  0  0  9.0625000000  -0.4375000000  0.0500000000
991  0  0  0  9.0625000000  -0.3750000000  -0.0500000000
992  0  0  0  9.0625000000  -0.3750000000  0.0500000000
993  0  0  0  9.0625000000  -0.3125000000  -0.0500000000
994  0  0  0  9.0625000000  -0.3125000000  0.0500000000
995  0  0  0  9.0625000000  -0.2500000000  -0.0500000000
996  0  0  0  9.0625000000  -0.2500000000  0.0500000000
997  0  0  0  9.0625000000  -0.1875000000  -0.0500000000
998  0  0  0  9.0625000000  -0.1875000000  0.0500000000
999  0  0  0  9.0625000000  -0.1250000000  -0.0500000000
1000  0  0  0  9.0625000000  -0.1250000000  0.0500000000
1001  0  0  0  9.0625000000  -0.0625000000  -0.0500000000
1002  0  0  0  9.0625000000  -0.0625000000  0.0500000000
1003  0  0  0  9.0625000000  0.0000000000  -0.0500000000
1004  0  0  0  9.0625000000  0.0000000000  0.0500000000
1005  0  0  0  9.0625000000  0.0625000000  -0.0500000000
1006  0  0  0  9.0625000000  0.0625000000  0.0500000000
1007  0  0  0  9.0625000000  0.1250000000  -0.0500000000
1008  0  0  0  9.0625000000  0.1250000000  0.0500000000
1009  0  0  0  9.0625000000  0.1875000000  -0.0500000000
1010  0  0  0  9.0625000000  0.1875000000  0.0500000000
1011  0  0  0  9.0625000000  0.2500000000  -0.0500000000
1012  0  0  0  9.0625000000  0.2500000000  0.0500000000
1013  0  0  0  9.0625000000  0.3125000000  -0.0500000000
1014  0  0  0  9.0625000000  0.3125000000  0.0500000000
1015  0  0  0  9.0625000000  0.3750000000  -0.0500000000
1016  0  0  0  9.0625000000  0.3750000000  0.0500000000
1017  0  0  0  9.0625000000  0.4375000000  -0.0500000000
1018  0  0  0  9.0625000000  0.4375000000  0.0500000000
1019  0  0  0  9.0625000000  0.5000000000  -0.0500000000
1020  0  0  0  9.0625000000  0.5000000000  0.0500000000
1021  0  0  0  9.3750000000  -0.5000000000  -0.0500000000
1022  0  0  0  9.3750000000  -0.5000000000  0.0500000000
1023  0  0  0  9.3750000000  -0.4375000000  -0.0500000000
1024  0  0  0  9.3750000000  -0.4375000000  0.0500000000
1025  0  0  0  9.3750000000  -0.3750000000  -0.0500000000
1026  0  0  0  9.3750000000  -0.3750000000  0.0500000000
1027  0  0  0  9.3750000000  -0.3125000000  -0.0500000000
1028  0  0  0  9.3750000000  -0.3125000000  0.0500000000
1029  0  0  0  9.3750000000  -0.2500000000  -0.0500000000
1030  0  0  0  9.3750000000  -0.2500000000  0.0500000000
1031  0  0  0  9.3750000000  -0.1875000000  -0.0500000000
1032  0  0  0  9.3750000000  -0.1875000000  0.0500000000
1033  0  0  0  9.3750000000  -0.1250000000  -0.0500000000
1034  0  0  0  9.3750000000  -0.1250000000  0.0500000000
1035  0  0  0  9.3750000000  -0.0625000000  -0.0500000000
1036  0  0  0  9.3750000000  -0.0625000000  0.0500000000
1037  0  0  0  9.3750000000  0.0000000000  -0.0500000000
1038  0  0  0  9.3750000000  0.0000000000  0.0500000000
1039  0  0  0  9.3750000000  0.0625000000  -0.0500000000
1040  0  0  0  9.3750000000  0.0625000000  0.0500000000
1041  0  0  0  9.3750000000  0.1250000000  -0.0500000000
1042  0  0  0  9.3750000000  0.1250000000  0.0500000000
1043  0  0  0  9.3750000000  0.1875000000  -0.0500000000
1044  0  0  0  9.3750000000  0.1875000000  0.0500000000
1045  0  0  0  9.3750000000  0.2500000000  -0.0500000000
1046  0  0  0  9.3750000000  0.2500000000  0.0500000000
1047  0  0  0  9.3750000000  0.3125000000  -0.0500000000
1048  0  0  0  9.3750000000  0.3125000000  0.0500000000
1049  0  0  0  9.3750000000  0.3750000000  -0.0500000000
1050  0  0  0  9.3750000000  0.3750000000  0.0500000000
1051  0  0  0  9.3750000000  0.4375000000  -0.0500000000
1052  0  0  0  9.3750000000  0.4375000000  0.0500000000
1053  0  0  0  9.3750000000  0.5000000000  -0.0500000000
1054  0  0  0  9.3750000000  0.5000000000  0.0500000000
1055  0  0  0  9.6875000000  -0.5000000000  -0.0500000000
1056  0  0  0  9.6875000000  -0.5000000000  0.0500000000
1057  0  0  0  9.6875000000  -0.4375000000  -0.0500000000
1058  0  0  0  9.6875000000  -0.4375000000  0.0500000000
1059  0  0  0  9.6875000000  -0.3750000000  -0.0500000000
1060  0  0  0  9.6875000000  -0.3750000000  0.0500000000
1061  0  0  0  9.6875000000  -0.3125000000  -0.0500000000
1062  0  0  0  9.6875000000  -0.3125000000  0.0500000000
1063  0  0  0  9.6875000000  -0.2500000000  -0.0500000000
1064  0  0  0  9.6875000000  -0.2500000000  0.0500000000
1065  0  0  0  9.6875000000  -0.1875000000  -0.0500000000
1066  0  0  0  9.6875000000  -0.1875000000  0.0500000000
1067  0  0  0  9.6875000000  -0.1250000000  -0.0500000000
1068  0  0  0  9.6875000000  -0.1250000000  0.0500000000
1069  0  0  0  9.6875000000  -0.0625000000  -0.0500000000
1070  0  0  0  9.6875000000  -0.0625000000  0.0500000000
1071  0  0  0  9.6875000000  0.0000000000  -0.0500000000
1072  0  0  0  9.6875000000  0.0000000000  0.0500000000
1073  0  0  0  9.6875000000  0.0625000000  -0.0500000000
1074  0  0  0  9.6875000000  0.0625000000  0.0500000000
1075  0  0  0  9.6875000000  0.1250000000  -0.0500000000
1076  0  0  0  9.6875000000  0.1250000000  0.0500000000
1077  0  0  0  9.6875000000  0.1875000000  -0.0500000000
1078  0  0  0  9.6875000000  0.1875000000  0.0500000000
1079  0  0  0  9.6875000000  0.2500000000  -0.0500000000
1080  0  0  0  9.6875000000  0.2500000000  0.0500000000
1081  0  0  0  9.6875000000  0.3125000000  -0.0500000000
1082  0  0  0  9.6875000000  0.3125000000  0.0500000000
1083  0  0  0  9.6875000000  0.3750000000  -0.0500000000
1084  0  0  0  9.6875000000  0.3750000000  0.0500000000
1085  0  0  0  9.6875000000  0.4375000000  -0.0500000000
1086  0  0  0  9.6875000000  0.4375000000  0.0500000000
1087  0  0  0  9.6875000000  0.5000000000  -0.0500000000
1088  0  0  0  9.6875000000  0.5000000000  0.0500000000
1089  0  0  0  10.0000000000  -0.5000000000  -0.0500000000
1090  0  0  0  10.0000000000  -0.5000000000  0.0500000000
1091  0  0  0  10.0000000000  -0.4375000000  -0.0500000000
1092  0  0  0  10.0000000000  -0.4375000000  0.0500000000
1093  0  0  0  10.0000000000  -0.3750000000  -0.0500000000
1094  0  0  0  10.0000000000  -0.3750000000  0.0500000000
1095  0  0  0  10.0000000000  -0.3125000000  -0.0500000000
1096  0  0  0  10.0000000000  -0.3125000000  0.0500000000
1097  0  0  0  10.0000000000  -0.2500000000  -0.0500000000
1098  0  0  0  10.0000000000  -0.2500000000  0.0500000000
1099  0  0  0  10.0000000000  -0.1875000000  -0.0500000000
1100  0  0  0  10.0000000000  -0.1875000000  0.0500000000
1101  0  0  0  10.0000000000  -0.1250000000  -0.0500000000
1102  0  0  0  10.0000000000  -0.1250000000  0.0500000000
1103  0  0  0  10.0000000000  -0.0625000000  -0.0500000000
1104  0  0  0  10.0000000000  -0.0625000000  0.0500000000
1105  0  0  0  10.0000000000  0.0000000000  -0.0500000000
1106  0  0  0  10.0000000000  0.0000000000  0.0500000000
1107  0  0  0  10.0000000000  0.0625000000  -0.0500000000
1108  0  0  0  10.0000000000  0.0625000000  0.0500000000
1109  0  0  0  10.0000000000  0.1250000000  -0.0500000000
1110  0  0  0  10.0000000000  0.1250000000  0.0500000000
1111  0  0  0  10.0000000000  0.1875000000  -0.0500000000
1112  0  0  0  10.0000000000  0.1875000000  0.0500000000
1113  0  0  0  10.0000000000  0.2500000000  -0.0500000000
1114  0  0  0  10.0000000000  0.2500000000  0.0500000000
1115  0  0  0  10.0000000000  0.3125000000  -0.0500000000
1116  0  0  0  10.0000000000  0.3125000000  0.0500000000
1117  0  0  0  10.0000000000  0.3750000000  -0.0500000000
1118  0  0  0  10.0000000000  0.3750000000  0.0500000000
1119  0  0  0  10.0000000000  0.4375000000  -0.0500000000
1120  0  0  0  10.0000000000  0.4375000000  0.0500000000
1121  0  0  0  10.0000000000  0.5000000000  -0.0500000000
1122  0  0  0  10.0000000000  0.5000000000  0.0500000000
1  34
1089  2  -2941.1764705882
1090  2  -2941.1764705882
1091  2  -2941.1764705882
1092  2  -2941.1764705882
1093  2  -2941.1764705882
1094  2  -2941.1764705882
1095  2  -2941.1764705882
1096  2  -2941.1764705882
1097  2  -2941.1764705882
1098  2  -2941.1764705882
1099  2  -2941.1764705882
1100  2  -2941.1764705882
1101  2  -2941.1764705882
1102  2  -2941.1764705882
1103  2  -2941.1764705882
1104  2  -2941.1764705882
1105  2  -2941.1764705882
1106  2  -2941.1764705882
1107  2  -2941.1764705882
1108  2  -2941.1764705882
1109  2  -2941.1764705882
1110  2  -2941.1764705882
1111  2  -2941.1764705882
1112  2  -2941.1764705882
1113  2  -2941.1764705882
1114  2  -2941.1764705882
1115  2  -2941.1764705882
1116  2  -2941.1764705882
1117  2  -2941.1764705882
1118  2  -2941.1764705882
1119  2  -2941.1764705882
1120  2  -2941.1764705882
1121  2  -2941.1764705882
1122  2  -2941.1764705882
5  512  1
1  200000000000.0  0.3
1  1  35  37  3  2  36  38  4  1
2  3  37  39  5  4  38  40  6  1
3  5  39  41  7  6  40  42  8  1
4  7  41  43  9  8  42  44  10  1
5  9  43  45  11  10  44  46  12  1
6  11  45  47  13  12  46  48  14  1
7  13  47  49  15  14  48  50  16  1
8  15  49  51  17  16  50  52  18  1
9  17  51  53  19  18  52  54  20  1
10  19  53  55  21  20  54  56  22  1
11  21  55  57  23  22  56  58  24  1
12  23  57  59  25  24  58  60  26  1
13  25  59  61  27  26  60  62  28  1
14  27  61  63  29  28  62  64  30  1
15  29  63  65  31  30  64  66  32  1
16  31  65  67  33  32  66  68  34  1
17  35  69  71  37  36  70  72  38  1
18  37  71  73  39  38  72  74  40  1
19  39  73  75  41  40  74  76  42  1
20  41  75  77  43  42  76  78  44  1
21  43  77  79  45  44  78  80  46  1
22  45  79  81  47  46  80  82  48  1
23  47  81  83  49  48  82  84  50  1
24  49  83  85  51  50  84  86  52  1
25  51  85  87  53  52  86  88  54  1
26  53  87  89  55  54  88  90  56  1
27  55  89  91  57  56  90  92  58  1
28  57  91  93  59  58  92  94  60  1
29  59  93  95  61  60  94  96  62  1
30  61  95  97  63  62  96  98  64  1
31  63  97  99  65  64  98  100  66  1
32  65  99  101  67  66  100  102  68  1
33  69  103  105  71  70  104  106  72  1
34  71  105  107  73  72  106  108  74  1
35  73  107  109  75  74  108  110  76  1
36  75  109  111  77  76  110  112  78  1
37  77  111  113  79  78  112  114  80  1
38  79  113  115  81  80  114  116  82  1
39  81  115  117  83  82  116  118  84  1
40  83  117  119  85  84  118  120  86  1
41  85  119  121  87  86  120  122  88  1
42  87  121  123  89  88  122  124  90  1
43  89  123  125  91  90  124  126  92  1
44  91  125  127  93  92  126  128  94  1
45  93  127  129  95  94  128  130  96  1
46  95  129  131  97  96  130  132  98  1
47  97  131  133  99  98  132  134  100  1
48  99  133  135  101  100  134  136  102  1
49  103  137  139  105  104  138  140  106  1
50  105  139  141  107  106  140  142  108  1
51  107  141  143  109  108  142  144  110  1
52  109  143  145  111  110  144  146  112  1
53  111  145  147  113  112  146  148  114  1
54  113  147  149  115  114  148  150  116  1
55  115  149  151  117  116  150  152  118  1
56  117  151  153  119  118  152  154  120  1
57  119  153  155  121  120  154  156  122  1
58  121  155  157  123  122  156  158  124  1
59  123  157  159  125  124  158  160  126  1
60  125  159  161  127  126  160  162  128  1
61  127  161  163  129  128  162  164  130  1
62  129  163  165  131  130  164  166  132  1
63  131  165  167  133  132  166  168  134  1
64  133  167  169  135  134  168  170  136  1
65  137  171  173  139  138  172  174  140  1
66  139  173  175  141  140  174  176  142  1
67  141  175  177  143  142  176  178  144  1
68  143  177  179  145  144  178  180  146  1
69  145  179  181  147  146  180  182  148  1
70  147  181  183  149  148  182  184  150  1
71  149  183  185  151  150  184  186  152  1
72  151  185  187  153  152  186  188  154  1
73  153  187  189  155  154  188  190  156  1
74  155  189  191  157  156  190  192  158  1
75  157  191  193  159  158  192  194  160  1
76  159  193  195  161  160  194  196  162  1
77  161  195  197  163  162  196  198  164  1
78  163  197  199  165  164  198  200  166  1
79  165  199  201  167  166  200  202  168  1
80  167  201  203  169  168  202  204  170  1
81  171  205  207  173  172  206  208  174  1
82  173  207  209  175  174  208  210  176  1
83  175  209  211  177  176  210  212  178  1
84  177  211  213  179  178  212  214  180  1
85  179  213  215  181  180  214  216  182  1
86  181  215  217  183  182  216  218  184  1
87  183  217  219  185  184  218  220  186  1
88  185  219  221  187  186  220  222  188  1
89  187  221  223  189  188  222  224  190  1
90  189  223  225  191  190  224  226  192  1
91  191  225  227  193  192  226  228  194  1
92  193  227  229  195  194  228  230  196  1
93  195  229  231  197  196  230  232  198  1
94  197  231  233  199  198  232  234  200  1
95  199  233  235  201  200  234  236  202  1
96  201  235  237  203  202  236  238  204  1
97  205  239  241  207  206  240  242  208  1
98  207  241  243  209  208  242  244  210  1
99  209  243  245  211  210  244  246  212  1
100  211  245  247  213  212  246  248  214  1
101  213  247  249  215  214  248  250  216  1
102  215  249  251  217  216  250  252  218  1
103  217  251  253  219  218  252  254  220  1
104  219  253  255  221  220  254  256  222  1
105  221  255  257  223  222  256  258  224  1
106  223  257  259  225  224  258  260  226  1
107  225  259  261  227  226  260  262  228  1
108  227  261  263  229  228  262  264  230  1
109  229  263  265  231  230  264  266  232  1
110  231  265  267  233  232  266  268  234  1
111  233  267  269  235  234  268  270  236  1
112  235  269  271  237  236  270  272  238  1
113  239  273  275  241  240  274  276  242  1
114  241  275  277  243  242  276  278  244  1
115  243  277  279  245  244  278  280  246  1
116  245  279  281  247  246  280  282  248  1
117  247  281  283  249  248  282  284  250  1
118  249  283  285  251  250  284  286  252  1
119  251  285  287  253  252  286  288  254  1
120  253  287  289  255  254  288  290  256  1
121  255  289  291  257  256  290  292  258  1
122  257  291  293  259  258  292  294  260  1
123  259  293  295  261  260  294  296  262  1
124  261  295  297  263  262  296  298  264  1
125  263  297  299  265  264  298  300  266  1
126  265  299  301  267  266  300  302  268  1
127  267  301  303  269  268  302  304  270  1
128  269  303  305  271  270  304  306  272  1
129  273  307  309  275  274  308  310  276  1
130  275  309  311  277  276  310  312  278  1
131  277  311  313  279  278  312  314  280  1
132  279  313  315  281  280  314  316  282  1
133  281  315  317  283  282  316  318  284  1
134  283  317  319  285  284  318  320  286  1
135  285  319  321  287  286  320  322  288  1
136  287  321  323  289  288  322  324  290  1
137  289  323  325  291  290  324  326  292  1
138  291  325  327  293  292  326  328  294  1
139  293  327  329  295  294  328  330  296  1
140  295  329  331  297  296  330  332  298  1
141  297  331  333  299  298  332  334  300  1
142  299  333  335  301  300  334  336  302  1
143  301  335  337  303  302  336  338  304  1
144  303  337  339  305  304  338  340  306  1
145  307  341  343  309  308  342  344  310  1
146  309  343  345  311  310  344  346  312  1
147  311  345  347  313  312  346  348  314  1
148  313  347  349  315  314  348  350  316  1
149  315  349  351  317  316  350  352  318  1
150  317  351  353  319  318  352  354  320  1
151  319  353  355  321  320  354  356  322  1
152  321  355  357  323  322  356  358  324  1
153  323  357  359  325  324  358  360  326  1
154  325  359  361  327  326  360  362  328  1
155  327  361  363  329  328  362  364  330  1
156  329  363  365  331  330  364  366  332  1
157  331  365  367  333  332  366  368  334  1
158  333  367  369  335  334  368  370  336  1
159  335  369  371  337  336  370  372  338  1
160  337  371  373  339  338  372  374  340  1
161  341  375  377  343  342  376  378  344  1
162  343  377  379  345  344  378  380  346  1
163  345  379  381  347  346  380  382  348  1
164  347  381  383  349  348  382  384  350  1
165  349  383  385  351  350  384  386  352  1
166  351  385  387  353  352  386  388  354  1
167  353  387  389  355  354  388  390  356  1
168  355  389  391  357  356  390  392  358  1
169  357  391  393  359  358  392  394  360  1
170  359  393  395  361  360  394  396  362  1
171  361  395  397  363  362  396  398  364  1
172  363  397  399  365  364  398  400  366  1
173  365  399  401  367  366  400  402  368  1
174  367  401  403  369  368  402  404  370  1
175  369  403  405  371  370  404  406  372  1
176  371  405  407  373  372  406  408  374  1
177  375  409  411  377  376  410  412  378  1
178  377  411  413  379  378  412  414  380  1
179  379  413  415  381  380  414  416  382  1
180  381  415  417  383  382  416  418  384  1
181  383  417  419  385  384  418  420  386  1
182  385  419  421  387  386  420  422  388  1
183  387  421  423  389  388  422  424  390  1
184  389  423  425  391  390  424  426  392  1
185  391  425  427  393  392  426  428  394  1
186  393  427  429  395  394  428  430  396  1
187  395  429  431  397  396  430  432  398  1
188  397  431  433  399  398  432  434  400  1
189  399  433  435  401  400  434  436  402  1
190  401  435  437  403  402  436  438  404  1
191  403  437  439  405  404  438  440  406  1
192  405  439  441  407  406  440  442  408  1
193  409  443  445  411  410  444  446  412  1
194  411  445  447  413  412  446  448  414  1
195  413  447  449  415  414  448  450  416  1
196  415  449  451  417  416  450  452  418  1
197  417  451  453  419  418  452  454  420  1
198  419  453  455  421  420  454  456  422  1
199  421  455  457  423  422  456  458  424  1
200  423  457  459  425  424  458  460  426  1
201  425  459  461  427  426  460  462  428  1
202  427  461  463  429  428  462  464  430  1
203  429  463  465  431  430  464  466  432  1
204  431  465  467  433  432  466  468  434  1
205  433  467  469  435  434  468  470  436  1
206  435  469  471  437  436  470  472  438  1
207  437  471  473  439  438  472  474  440  1
208  439  473  475  441  440  474  476  442  1
209  443  477  479  445  444  478  480  446  1
210  445  479  481  447  446  480  482  448  1
211  447  481  483  449  448  482  484  450  1
212  449  483  485  451  450  484  486  452  1
213  451  485  487  453  452  486  488  454  1
214  453  487  489  455  454  488  490  456  1
215  455  489  491  457  456  490  492  458  1
216  457  491  493  459  458  492  494  460  1
217  459  493  495  461  460  494  496  462  1
218  461  495  497  463  462  496  498  464  1
219  463  497  499  465  464  498  500  466  1
220  465  499  501  467  466  500  502  468  1
221  467  501  503  469  468  502  504  470  1
222  469  503  505  471  470  504  506  472  1
223  471  505  507  473  472  506  508  474  1
224  473  507  509  475  474  508  510  476  1
225  477  511  513  479  478  512  514  480  1
226  479  513  515  481  480  514  516  482  1
227  481  515  517  483  482  516  518  484  1
228  483  517  519  485  484  518  520  486  1
229  485  519  521  487  486  520  522  488  1
230  487  521  523  489  488  522  524  490  1
231  489  523  525  491  490  524  526  492  1
232  491  525  527  493  492  526  528  494  1
233  493  527  529  495  494  528  530  496  1
234  495  529  531  497  496  530  532  498  1
235  497  531  533  499  498  532  534  500  1
236  499  533  535  501  500  534  536  502  1
237  501  535  537  503  502  536  538  504  1
238  503  537  539  505  504  538  540  506  1
239  505  539  541  507  506  540  542  508  1
240  507  541  543  509  508  542  544  510  1
241  511  545  547  513  512  546  548  514  1
242  513  547  549  515  514  548  550  516  1
243  515  549  551  517  516  550  552  518  1
244  517  551  553  519  518  552  554  520  1
245  519  553  555  521  520  554  556  522  1
246  521  555  557  523  522  556  558  524  1
247  523  557  559  525  524  558  560  526  1
248  525  559  561  527  526  560  562  528  1
249  527  561  563  529  528  562  564  530  1
250  529  563  565  531  530  564  566  532  1
251  531  565  567  533  532  566  568  534  1
252  533  567  569  535  534  568  570  536  1
253  535  569  571  537  536  570  572  538  1
254  537  571  573  539  538  572  574  540  1
255  539  573  575  541  540  574  576  542  1
256  541  575  577  543  542  576  578  544  1
257  545  579  581  547  546  580  582  548  1
258  547  581  583  549  548  582  584  550  1
259  549  583  585  551  550  584  586  552  1
260  551  585  587  553  552  586  588  554  1
261  553  587  589  555  554  588  590  556  1
262  555  589  591  557  556  590  592  558  1
263  557  591  593  559  558  592  594  560  1
264  559  593  595  561  560  594  596  562  1
265  561  595  597  563  562  596  598  564  1
266  563  597  599  565  564  598  600  566  1
267  565  599  601  567  566  600  602  568  1
268  567  601  603  569  568  602  604  570  1
269  569  603  605  571  570  604  606  572  1
270  571  605  607  573  572  606  608  574  1
271  573  607  609  575  574  608  610  576  1
272  575  609  611  577  576  610  612  578  1
273  579  613  615  581  580  614  616  582  1
274  581  615  617  583  582  616  618  584  1
275  583  617  619  585  584  618  620  586  1
276  585  619  621  587  586  620  622  588  1
277  587  621  623  589  588  622  624  590  1
278  589  623  625  591  590  624  626  592  1
279  591  625  627  593  592  626  628  594  1
280  593  627  629  595  594  628  630  596  1
281  595  629  631  597  596  630  632  598  1
282  597  631  633  599  598  632  634  600  1
283  599  633  635  601  600  634  636  602  1
284  601  635  637  603  602  636  638  604  1
285  603  637  639  605  604  638  640  606  1
286  605  639  641  607  606  640  642  608  1
287  607  641  643  609  608  642  644  610  1
288  609  643  645  611  610  644  646  612  1
289  613  647  649  615  614  648  650  616  1
290  615  649  651  617  616  650  652  618  1
291  617  651  653  619  618  652  654  620  1
292  619  653  655  621  620  654  656  622  1
293  621  655  657  623  622  656  658  624  1
294  623  657  659  625  624  658  660  626  1
295  625  659  661  627  626  660  662  628  1
296  627  661  663  629  628  662  664  630  1
297  629  663  665  631  630  664  666  632  1
298  631  665  667  633  632  666  668  634  1
299  633  667  669  635  634  668  670  636  1
300  635  669  671  637  636  670  672  638  1
301  637  671  673  639  638  672  674  640  1
302  639  673  675  641  640  674  676  642  1
303  641  675  677  643  642  676  678  644  1
304  643  677  679  645  644  678  680  646  1
305  647  681  683  649  648  682  684  650  1
306  649  683  685  651  650  684  686  652  1
307  651  685  687  653  652  686  688  654  1
308  653  687  689  655  654  688  690  656  1
309  655  689  691  657  656  690  692  658  1
310  657  691  693  659  658  692  694  660  1
311  659  693  695  661  660  694  696  662  1
312  661  695  697  663  662  696  698  664  1
313  663  697  699  665  664  698  700  666  1
314  665  699  701  667  666  700  702  668  1
315  667  701  703  669  668  702  704  670  1
316  669  703  705  671  670  704  706  672  1
317  671  705  707  673  672  706  708  674  1
318  673  707  709  675  674  708  710  676  1
319  675  709  711  677  676  710  712  678  1
320  677  711  713  679  678  712  714  680  1
321  681  715  717  683  682  716  718  684  1
322  683  717  719  685  684  718  720  686  1
323  685  719  721  687  686  720  722  688  1
324  687  721  723  689  688  722  724  690  1
325  689  723  725  691  690  724  726  692  1
326  691  725  727  693  692  726  728  694  1
327  693  727  729  695  694  728  730  696  1
328  695  729  731  697  696  730  732  698  1
329  697  731  733  699  698  732  734  700  1
330  699  733  735  701  700  734  736  702  1
331  701  735  737  703  702  736  738  704  1
332  703  737  739  705  704  738  740  706  1
333  705  739  741  707  706  740  742  708  1
334  707  741  743  709  708  742  744  710  1
335  709  743  745  711  710  744  746  712  1
336  711  745  747  713  712  746  748  714  1
337  715  749  751  717  716  750  752  718  1
338  717  751  753  719  718  752  754  720  1
339  719  753  755  721  720  754  756  722  1
340  721  755  757  723  722  756  758  724  1
341  723  757  759  725  724  758  760  726  1
342  725  759  761  727  726  760  762  728  1
343  727  761  763  729  728  762  764  730  1
344  729  763  765  731  730  764  766  732  1
345  731  765  767  733  732  766  768  734  1
346  733  767  769  735  734  768  770  736  1
347  735  769  771  737  736  770  772  738  1
348  737  771  773  739  738  772  774  740  1
349  739  773  775  741  740  774  776  742  1
350  741  775  777  743  742  776  778  744  1
351  743  777  779  745  744  778  780  746  1
352  745  779  781  747  746  780  782  748  1
353  749  783  785  751  750  784  786  752  1
354  751  785  787  753  752  786  788  754  1
355  753  787  789  755  754  788  790  756  1
356  755  789  791  757  756  790  792  758  1
357  757  791  793  759  758  792  794  760  1
358  759  793  795  761  760  794  796  762  1
359  761  795  797  763  762  796  798  764  1
360  763  797  799  765  764  798  800  766  1
361  765  799  801  767  766  800  802  768  1
362  767  801  803  769  768  802  804  770  1
363  769  803  805  771  770  804  806  772  1
364  771  805  807  773  772  806  808  774  1
365  773  807  809  775  774  808  810  776  1
366  775  809  811  777  776  810  812  778  1
367  777  811  813  779  778  812  814  780  1
368  779  813  815  781  780  814  816  782  1
369  783  817  819  785  784  818  820  786  1
370  785  819  821  787  786  820  822  788  1
371  787  821  823  789  788  822  824  790  1
372  789  823  825  791  790  824  826  792  1
373  791  825  827  793  792  826  828  794  1
374  793  827  829  795  794  828  830  796  1
375  795  829  831  797  796  830  832  798  1
376  797  831  833  799  798  832  834  800  1
377  799  833  835  801  800  834  836  802  1
378  801  835  837  803  802  836  838  804  1
379  803  837  839  805  804  838  840  806  1
380  805  839  841  807  806  840  842  808  1
381  807  841  843  809  808  842  844  810  1
382  809  843  845  811  810  844  846  812  1
383  811  845  847  813  812  846  848  814  1
384  813  847  849  815  814  848  850  816  1
385  817  851  853  819  818  852  854  820  1
386  819  853  855  821  820  854  856  822  1
387  821  855  857  823  822  856  858  824  1
388  823  857  859  825  824  858  860  826  1
389  825  859  861  827  826  860  862  828  1
390  827  861  863  829  828  862  864  830  1
391  829  863  865  831  830  864  866  832  1
392  831  865  867  833  832  866  868  834  1
393  833  867  869  835  834  868  870  836  1
394  835  869  871  837  836  870  872  838  1
395  837  871  873  839  838  872  874  840  1
396  839  873  875  841  840  874  876  842  1
397  841  875  877  843  842  876  878  844  1
398  843  877  879  845  844  878  880  846  1
399  845  879  881  847  846  880  882  848  1
400  847  881  883  849  848  882  884  850  1
401  851  885  887  853  852  886  888  854  1
402  853  887  889  855  854  888  890  856  1
403  855  889  891  857  856  890  892  858  1
404  857  891  893  859  858  892  894  860  1
405  859  893  895  861  860  894  896  862  1
406  861  895  897  863  862  896  898  864  1
407  863  897  899  865  864  898  900  866  1
408  865  899  901  867  866  900  902  868  1
409  867  901  903  869  868  902  904  870  1
410  869  903  905  871  870  904  906  872  1
411  871  905  907  873  872  906  908  874  1
412  873  907  909  875  874  908  910  876  1
413  875  909  911  877  876  910  912  878  1
414  877  911  913  879  878  912  914  880  1
415  879  913  915  881  880  914  916  882  1
416  881  915  917  883  882  916  918  884  1
417  885  919  921  887  886  920  922  888  1
418  887  921  923  889  888  922  924  890  1
419  889  923  925  891  890  924  926  892  1
420  891  925  927  893  892  926  928  894  1
421  893  927  929  895  894  928  930  896  1
422  895  929  931  897  896  930  932  898  1
423  897  931  933  899  898  932  934  900  1
424  899  933  935  901  900  934  936  902  1
425  901  935  937  903  902  936  938  904  1
426  903  937  939  905  904  938  940  906  1
427  905  939  941  907  906  940  942  908  1
428  907  941  943  909  908  942  944  910  1
429  909  943  945  911  910  944  946  912  1
430  911  945  947  913  912  946  948  914  1
431  913  947  949  915  914  948  950  916  1
432  915  949  951  917  916  950  952  918  1
433  919  953  955  921  920  954  956  922  1
434  921  955  957  923  922  956  958  924  1
435  923  957  959  925  924  958  960  926  1
436  925  959  961  927  926  960  962  928  1
437  927  961  963  929  928  962  964  930  1
438  929  963  965  931  930  964  966  932  1
439  931  965  967  933  932  966  968  934  1
440  933  967  969  935  934  968  970  936  1
441  935  969  971  937  936  970  972  938  1
442  937  971  973  939  938  972  974  940  1
443  939  973  975  941  940  974  976  942  1
444  941  975  977  943  942  976  978  944  1
445  943  977  979  945  944  978  980  946  1
446  945  979  981  947  946  980  982  948  1
447  947  981  983  949  948  982  984  950  1
448  949  983  985  951  950  984  986  952  1
449  953  987  989  955  954  988  990  956  1
450  955  989  991  957  956  990  992  958  1
451  957  991  993  959  958  992  994  960  1
452  959  993  995  961  960  994  996  962  1
453  961  995  997  963  962  996  998  964  1
454  963  997  999  965  964  998  1000  966  1
455  965  999  1001  967  966  1000  1002  968  1
456  967  1001  1003  969  968  1002  1004  970  1
457  969  1003  1005  971  970  1004  1006  972  1
458  971  1005  1007  973  972  1006  1008  974  1
459  973  1007  1009  975  974  1008  1010  976  1
460  975  1009  1011  977  976  1010  1012  978  1
461  977  1011  1013  979  978  1012  1014  980  1
462  979  1013  1015  981  980  1014  1016  982  1
463  981  1015  1017  983  982  1016  1018  984  1
464  983  1017  1019  985  984  1018  1020  986  1
465  987  1021  1023  989  988  1022  1024  990  1
466  989  1023  1025  991  990  1024  1026  992  1
467  991  1025  1027  993  992  1026  1028  994  1
468  993  1027  1029  995  994  1028  1030  996  1
469  995  1029  1031  997  996  1030  1032  998  1
470  997  1031  1033  999  998  1032  1034  1000  1
471  999  1033  1035  1001  1000  1034  1036  1002  1
472  1001  1035  1037  1003  1002  1036  1038  1004  1
473  1003  1037  1039  1005  1004  1038  1040  1006  1
474  1005  1039  1041  1007  1006  1040  1042  1008  1
475  1007  1041  1043  1009  1008  1042  1044  1010  1
476  1009  1043  1045  1011  1010  1044  1046  1012  1
477  1011  1045  1047  1013  1012  1046  1048  1014  1
478  1013  1047  1049  1015  1014  1048  1050  1016  1
479  1015  1049  1051  1017  1016  1050  1052  1018  1
480  1017  1051  1053  1019  1018  1052  1054  1020  1
481  1021  1055  1057  1023  1022  1056  1058  1024  1
482  1023  1057  1059  1025  1024  1058  1060  1026  1
483  1025  1059  1061  1027  1026  1060  1062  1028  1
484  1027  1061  1063  1029  1028  1062  1064  1030  1
485  1029  1063  1065  1031  1030  1064  1066  1032  1
486  1031  1065  1067  1033  1032  1066  1068  1034  1
487  1033  1067  1069  1035  1034  1068  1070  1036  1
488  1035  1069  1071  1037  1036  1070  1072  1038  1
489  1037  1071  1073  1039  1038  1072  1074  1040  1
490  1039  1073  1075  1041  1040  1074  1076  1042  1
491  1041  1075  1077  1043  1042  1076  1078  1044  1
492  1043  1077  1079  1045  1044  1078  1080  1046  1
493  1045  1079  1081  1047  1046  1080  1082  1048  1
494  1047  1081  1083  1049  1048  1082  1084  1050  1
495  1049  1083  1085  1051  1050  1084  1086  1052  1
496  1051  1085  1087  1053  1052  1086  1088  1054  1
497  1055  1089  1091  1057  1056  1090  1092  1058  1
498  1057  1091  1093  1059  1058  1092  1094  1060  1
499  1059  1093  1095  1061  1060  1094  1096  1062  1
500  1061  1095  1097  1063  1062  1096  1098  1064  1
501  1063  1097  1099  1065  1064  1098  1100  1066  1
502  1065  1099  1101  1067  1066  1100  1102  1068  1
503  1067  1101  1103  1069  1068  1102  1104  1070  1
504  1069  1103  1105  1071  1070  1104  1106  1072  1
505  1071  1105  1107  1073  1072  1106  1108  1074  1
506  1073  1107  1109  1075  1074  1108  1110  1076  1
507  1075  1109  1111  1077  1076  1110  1112  1078  1
508  1077  1111  1113  1079  1078  1112  1114  1080  1
509  1079  1113  1115  1081  1080  1114  1116  1082  1
510  1081  1115  1117  1083  1082  1116  1118  1084  1
511  1083  1117  1119  1085  1084  1118  1120  1086  1
512  1085  1119  1121  1087  1086  1120  1122  1088  1
