Plate Convergence Test - 16x4 Mesh
85  1  1  1
1  1  1  1  0.0000000000  0.0000000000  0.0
2  1  1  1  0.0000000000  0.2500000000  0.0
3  1  1  1  0.0000000000  0.5000000000  0.0
4  1  1  1  0.0000000000  0.7500000000  0.0
5  1  1  1  0.0000000000  1.0000000000  0.0
6  0  0  0  0.6250000000  0.0000000000  0.0
7  0  0  0  0.6250000000  0.2500000000  0.0
8  0  0  0  0.6250000000  0.5000000000  0.0
9  0  0  0  0.6250000000  0.7500000000  0.0
10  0  0  0  0.6250000000  1.0000000000  0.0
11  0  0  0  1.2500000000  0.0000000000  0.0
12  0  0  0  1.2500000000  0.2500000000  0.0
13  0  0  0  1.2500000000  0.5000000000  0.0
14  0  0  0  1.2500000000  0.7500000000  0.0
15  0  0  0  1.2500000000  1.0000000000  0.0
16  0  0  0  1.8750000000  0.0000000000  0.0
17  0  0  0  1.8750000000  0.2500000000  0.0
18  0  0  0  1.8750000000  0.5000000000  0.0
19  0  0  0  1.8750000000  0.7500000000  0.0
20  0  0  0  1.8750000000  1.0000000000  0.0
21  0  0  0  2.5000000000  0.0000000000  0.0
22  0  0  0  2.5000000000  0.2500000000  0.0
23  0  0  0  2.5000000000  0.5000000000  0.0
24  0  0  0  2.5000000000  0.7500000000  0.0
25  0  0  0  2.5000000000  1.0000000000  0.0
26  0  0  0  3.1250000000  0.0000000000  0.0
27  0  0  0  3.1250000000  0.2500000000  0.0
28  0  0  0  3.1250000000  0.5000000000  0.0
29  0  0  0  3.1250000000  0.7500000000  0.0
30  0  0  0  3.1250000000  1.0000000000  0.0
31  0  0  0  3.7500000000  0.0000000000  0.0
32  0  0  0  3.7500000000  0.2500000000  0.0
33  0  0  0  3.7500000000  0.5000000000  0.0
34  0  0  0  3.7500000000  0.7500000000  0.0
35  0  0  0  3.7500000000  1.0000000000  0.0
36  0  0  0  4.3750000000  0.0000000000  0.0
37  0  0  0  4.3750000000  0.2500000000  0.0
38  0  0  0  4.3750000000  0.5000000000  0.0
39  0  0  0  4.3750000000  0.7500000000  0.0
40  0  0  0  4.3750000000  1.0000000000  0.0
41  0  0  0  5.0000000000  0.0000000000  0.0
42  0  0  0  5.0000000000  0.2500000000  0.0
43  0  0  0  5.0000000000  0.5000000000  0.0
44  0  0  0  5.0000000000  0.7500000000  0.0
45  0  0  0  5.0000000000  1.0000000000  0.0
46  0  0  0  5.6250000000  0.0000000000  0.0
47  0  0  0  5.6250000000  0.2500000000  0.0
48  0  0  0  5.6250000000  0.5000000000  0.0
49  0  0  0  5.6250000000  0.7500000000  0.0
50  0  0  0  5.6250000000  1.0000000000  0.0
51  0  0  0  6.2500000000  0.0000000000  0.0
52  0  0  0  6.2500000000  0.2500000000  0.0
53  0  0  0  6.2500000000  0.5000000000  0.0
54  0  0  0  6.2500000000  0.7500000000  0.0
55  0  0  0  6.2500000000  1.0000000000  0.0
56  0  0  0  6.8750000000  0.0000000000  0.0
57  0  0  0  6.8750000000  0.2500000000  0.0
58  0  0  0  6.8750000000  0.5000000000  0.0
59  0  0  0  6.8750000000  0.7500000000  0.0
60  0  0  0  6.8750000000  1.0000000000  0.0
61  0  0  0  7.5000000000  0.0000000000  0.0
62  0  0  0  7.5000000000  0.2500000000  0.0
63  0  0  0  7.5000000000  0.5000000000  0.0
64  0  0  0  7.5000000000  0.7500000000  0.0
65  0  0  0  7.5000000000  1.0000000000  0.0
66  0  0  0  8.1250000000  0.0000000000  0.0
67  0  0  0  8.1250000000  0.2500000000  0.0
68  0  0  0  8.1250000000  0.5000000000  0.0
69  0  0  0  8.1250000000  0.7500000000  0.0
70  0  0  0  8.1250000000  1.0000000000  0.0
71  0  0  0  8.7500000000  0.0000000000  0.0
72  0  0  0  8.7500000000  0.2500000000  0.0
73  0  0  0  8.7500000000  0.5000000000  0.0
74  0  0  0  8.7500000000  0.7500000000  0.0
75  0  0  0  8.7500000000  1.0000000000  0.0
76  0  0  0  9.3750000000  0.0000000000  0.0
77  0  0  0  9.3750000000  0.2500000000  0.0
78  0  0  0  9.3750000000  0.5000000000  0.0
79  0  0  0  9.3750000000  0.7500000000  0.0
80  0  0  0  9.3750000000  1.0000000000  0.0
81  0  0  0  10.0000000000  0.0000000000  0.0
82  0  0  0  10.0000000000  0.2500000000  0.0
83  0  0  0  10.0000000000  0.5000000000  0.0
84  0  0  0  10.0000000000  0.7500000000  0.0
85  0  0  0  10.0000000000  1.0000000000  0.0
1  5
81  3  -200.0000000000
82  3  -200.0000000000
83  3  -200.0000000000
84  3  -200.0000000000
85  3  -200.0000000000
7  64  1
1  200000000000.0  0.3  0.10000000
1  1  6  7  2  1
2  2  7  8  3  1
3  3  8  9  4  1
4  4  9  10  5  1
5  6  11  12  7  1
6  7  12  13  8  1
7  8  13  14  9  1
8  9  14  15  10  1
9  11  16  17  12  1
10  12  17  18  13  1
11  13  18  19  14  1
12  14  19  20  15  1
13  16  21  22  17  1
14  17  22  23  18  1
15  18  23  24  19  1
16  19  24  25  20  1
17  21  26  27  22  1
18  22  27  28  23  1
19  23  28  29  24  1
20  24  29  30  25  1
21  26  31  32  27  1
22  27  32  33  28  1
23  28  33  34  29  1
24  29  34  35  30  1
25  31  36  37  32  1
26  32  37  38  33  1
27  33  38  39  34  1
28  34  39  40  35  1
29  36  41  42  37  1
30  37  42  43  38  1
31  38  43  44  39  1
32  39  44  45  40  1
33  41  46  47  42  1
34  42  47  48  43  1
35  43  48  49  44  1
36  44  49  50  45  1
37  46  51  52  47  1
38  47  52  53  48  1
39  48  53  54  49  1
40  49  54  55  50  1
41  51  56  57  52  1
42  52  57  58  53  1
43  53  58  59  54  1
44  54  59  60  55  1
45  56  61  62  57  1
46  57  62  63  58  1
47  58  63  64  59  1
48  59  64  65  60  1
49  61  66  67  62  1
50  62  67  68  63  1
51  63  68  69  64  1
52  64  69  70  65  1
53  66  71  72  67  1
54  67  72  73  68  1
55  68  73  74  69  1
56  69  74  75  70  1
57  71  76  77  72  1
58  72  77  78  73  1
59  73  78  79  74  1
60  74  79  80  75  1
61  76  81  82  77  1
62  77  82  83  78  1
63  78  83  84  79  1
64  79  84  85  80  1
