Plate Convergence Test - 8x2 Mesh
27  1  1  1
1  1  1  1  0.0000000000  0.0000000000  0.0
2  1  1  1  0.0000000000  0.5000000000  0.0
3  1  1  1  0.0000000000  1.0000000000  0.0
4  0  0  0  1.2500000000  0.0000000000  0.0
5  0  0  0  1.2500000000  0.5000000000  0.0
6  0  0  0  1.2500000000  1.0000000000  0.0
7  0  0  0  2.5000000000  0.0000000000  0.0
8  0  0  0  2.5000000000  0.5000000000  0.0
9  0  0  0  2.5000000000  1.0000000000  0.0
10  0  0  0  3.7500000000  0.0000000000  0.0
11  0  0  0  3.7500000000  0.5000000000  0.0
12  0  0  0  3.7500000000  1.0000000000  0.0
13  0  0  0  5.0000000000  0.0000000000  0.0
14  0  0  0  5.0000000000  0.5000000000  0.0
15  0  0  0  5.0000000000  1.0000000000  0.0
16  0  0  0  6.2500000000  0.0000000000  0.0
17  0  0  0  6.2500000000  0.5000000000  0.0
18  0  0  0  6.2500000000  1.0000000000  0.0
19  0  0  0  7.5000000000  0.0000000000  0.0
20  0  0  0  7.5000000000  0.5000000000  0.0
21  0  0  0  7.5000000000  1.0000000000  0.0
22  0  0  0  8.7500000000  0.0000000000  0.0
23  0  0  0  8.7500000000  0.5000000000  0.0
24  0  0  0  8.7500000000  1.0000000000  0.0
25  0  0  0  10.0000000000  0.0000000000  0.0
26  0  0  0  10.0000000000  0.5000000000  0.0
27  0  0  0  10.0000000000  1.0000000000  0.0
1  3
25  3  -333.3333333333
26  3  -333.3333333333
27  3  -333.3333333333
7  16  1
1  200000000000.0  0.3  0.10000000
1  1  4  5  2  1
2  2  5  6  3  1
3  4  7  8  5  1
4  5  8  9  6  1
5  7  10  11  8  1
6  8  11  12  9  1
7  10  13  14  11  1
8  11  14  15  12  1
9  13  16  17  14  1
10  14  17  18  15  1
11  16  19  20  17  1
12  17  20  21  18  1
13  19  22  23  20  1
14  20  23  24  21  1
15  22  25  26  23  1
16  23  26  27  24  1
