Plate Convergence Test - 4x1 Mesh
10  1  1  1
1  1  1  1  0.0000000000  0.0000000000  0.0
2  1  1  1  0.0000000000  1.0000000000  0.0
3  0  0  0  2.5000000000  0.0000000000  0.0
4  0  0  0  2.5000000000  1.0000000000  0.0
5  0  0  0  5.0000000000  0.0000000000  0.0
6  0  0  0  5.0000000000  1.0000000000  0.0
7  0  0  0  7.5000000000  0.0000000000  0.0
8  0  0  0  7.5000000000  1.0000000000  0.0
9  0  0  0  10.0000000000  0.0000000000  0.0
10  0  0  0  10.0000000000  1.0000000000  0.0
1  2
9  3  -500.0000000000
10  3  -500.0000000000
7  4  1
1  200000000000.0  0.3  0.10000000
1  1  3  4  2  1
2  3  5  6  4  1
3  5  7  8  6  1
4  7  9  10  8  1
