Q4 Cantilever Convergence Test 32x16 Mesh
561  1  1  1
1  1  1  1  0.000000  0.000000  0.0
2  0  0  1  0.312500  0.000000  0.0
3  0  0  1  0.625000  0.000000  0.0
4  0  0  1  0.937500  0.000000  0.0
5  0  0  1  1.250000  0.000000  0.0
6  0  0  1  1.562500  0.000000  0.0
7  0  0  1  1.875000  0.000000  0.0
8  0  0  1  2.187500  0.000000  0.0
9  0  0  1  2.500000  0.000000  0.0
10  0  0  1  2.812500  0.000000  0.0
11  0  0  1  3.125000  0.000000  0.0
12  0  0  1  3.437500  0.000000  0.0
13  0  0  1  3.750000  0.000000  0.0
14  0  0  1  4.062500  0.000000  0.0
15  0  0  1  4.375000  0.000000  0.0
16  0  0  1  4.687500  0.000000  0.0
17  0  0  1  5.000000  0.000000  0.0
18  0  0  1  5.312500  0.000000  0.0
19  0  0  1  5.625000  0.000000  0.0
20  0  0  1  5.937500  0.000000  0.0
21  0  0  1  6.250000  0.000000  0.0
22  0  0  1  6.562500  0.000000  0.0
23  0  0  1  6.875000  0.000000  0.0
24  0  0  1  7.187500  0.000000  0.0
25  0  0  1  7.500000  0.000000  0.0
26  0  0  1  7.812500  0.000000  0.0
27  0  0  1  8.125000  0.000000  0.0
28  0  0  1  8.437500  0.000000  0.0
29  0  0  1  8.750000  0.000000  0.0
30  0  0  1  9.062500  0.000000  0.0
31  0  0  1  9.375000  0.000000  0.0
32  0  0  1  9.687500  0.000000  0.0
33  0  0  1  10.000000  0.000000  0.0
34  1  1  1  0.000000  0.062500  0.0
35  0  0  1  0.312500  0.062500  0.0
36  0  0  1  0.625000  0.062500  0.0
37  0  0  1  0.937500  0.062500  0.0
38  0  0  1  1.250000  0.062500  0.0
39  0  0  1  1.562500  0.062500  0.0
40  0  0  1  1.875000  0.062500  0.0
41  0  0  1  2.187500  0.062500  0.0
42  0  0  1  2.500000  0.062500  0.0
43  0  0  1  2.812500  0.062500  0.0
44  0  0  1  3.125000  0.062500  0.0
45  0  0  1  3.437500  0.062500  0.0
46  0  0  1  3.750000  0.062500  0.0
47  0  0  1  4.062500  0.062500  0.0
48  0  0  1  4.375000  0.062500  0.0
49  0  0  1  4.687500  0.062500  0.0
50  0  0  1  5.000000  0.062500  0.0
51  0  0  1  5.312500  0.062500  0.0
52  0  0  1  5.625000  0.062500  0.0
53  0  0  1  5.937500  0.062500  0.0
54  0  0  1  6.250000  0.062500  0.0
55  0  0  1  6.562500  0.062500  0.0
56  0  0  1  6.875000  0.062500  0.0
57  0  0  1  7.187500  0.062500  0.0
58  0  0  1  7.500000  0.062500  0.0
59  0  0  1  7.812500  0.062500  0.0
60  0  0  1  8.125000  0.062500  0.0
61  0  0  1  8.437500  0.062500  0.0
62  0  0  1  8.750000  0.062500  0.0
63  0  0  1  9.062500  0.062500  0.0
64  0  0  1  9.375000  0.062500  0.0
65  0  0  1  9.687500  0.062500  0.0
66  0  0  1  10.000000  0.062500  0.0
67  1  1  1  0.000000  0.125000  0.0
68  0  0  1  0.312500  0.125000  0.0
69  0  0  1  0.625000  0.125000  0.0
70  0  0  1  0.937500  0.125000  0.0
71  0  0  1  1.250000  0.125000  0.0
72  0  0  1  1.562500  0.125000  0.0
73  0  0  1  1.875000  0.125000  0.0
74  0  0  1  2.187500  0.125000  0.0
75  0  0  1  2.500000  0.125000  0.0
76  0  0  1  2.812500  0.125000  0.0
77  0  0  1  3.125000  0.125000  0.0
78  0  0  1  3.437500  0.125000  0.0
79  0  0  1  3.750000  0.125000  0.0
80  0  0  1  4.062500  0.125000  0.0
81  0  0  1  4.375000  0.125000  0.0
82  0  0  1  4.687500  0.125000  0.0
83  0  0  1  5.000000  0.125000  0.0
84  0  0  1  5.312500  0.125000  0.0
85  0  0  1  5.625000  0.125000  0.0
86  0  0  1  5.937500  0.125000  0.0
87  0  0  1  6.250000  0.125000  0.0
88  0  0  1  6.562500  0.125000  0.0
89  0  0  1  6.875000  0.125000  0.0
90  0  0  1  7.187500  0.125000  0.0
91  0  0  1  7.500000  0.125000  0.0
92  0  0  1  7.812500  0.125000  0.0
93  0  0  1  8.125000  0.125000  0.0
94  0  0  1  8.437500  0.125000  0.0
95  0  0  1  8.750000  0.125000  0.0
96  0  0  1  9.062500  0.125000  0.0
97  0  0  1  9.375000  0.125000  0.0
98  0  0  1  9.687500  0.125000  0.0
99  0  0  1  10.000000  0.125000  0.0
100  1  1  1  0.000000  0.187500  0.0
101  0  0  1  0.312500  0.187500  0.0
102  0  0  1  0.625000  0.187500  0.0
103  0  0  1  0.937500  0.187500  0.0
104  0  0  1  1.250000  0.187500  0.0
105  0  0  1  1.562500  0.187500  0.0
106  0  0  1  1.875000  0.187500  0.0
107  0  0  1  2.187500  0.187500  0.0
108  0  0  1  2.500000  0.187500  0.0
109  0  0  1  2.812500  0.187500  0.0
110  0  0  1  3.125000  0.187500  0.0
111  0  0  1  3.437500  0.187500  0.0
112  0  0  1  3.750000  0.187500  0.0
113  0  0  1  4.062500  0.187500  0.0
114  0  0  1  4.375000  0.187500  0.0
115  0  0  1  4.687500  0.187500  0.0
116  0  0  1  5.000000  0.187500  0.0
117  0  0  1  5.312500  0.187500  0.0
118  0  0  1  5.625000  0.187500  0.0
119  0  0  1  5.937500  0.187500  0.0
120  0  0  1  6.250000  0.187500  0.0
121  0  0  1  6.562500  0.187500  0.0
122  0  0  1  6.875000  0.187500  0.0
123  0  0  1  7.187500  0.187500  0.0
124  0  0  1  7.500000  0.187500  0.0
125  0  0  1  7.812500  0.187500  0.0
126  0  0  1  8.125000  0.187500  0.0
127  0  0  1  8.437500  0.187500  0.0
128  0  0  1  8.750000  0.187500  0.0
129  0  0  1  9.062500  0.187500  0.0
130  0  0  1  9.375000  0.187500  0.0
131  0  0  1  9.687500  0.187500  0.0
132  0  0  1  10.000000  0.187500  0.0
133  1  1  1  0.000000  0.250000  0.0
134  0  0  1  0.312500  0.250000  0.0
135  0  0  1  0.625000  0.250000  0.0
136  0  0  1  0.937500  0.250000  0.0
137  0  0  1  1.250000  0.250000  0.0
138  0  0  1  1.562500  0.250000  0.0
139  0  0  1  1.875000  0.250000  0.0
140  0  0  1  2.187500  0.250000  0.0
141  0  0  1  2.500000  0.250000  0.0
142  0  0  1  2.812500  0.250000  0.0
143  0  0  1  3.125000  0.250000  0.0
144  0  0  1  3.437500  0.250000  0.0
145  0  0  1  3.750000  0.250000  0.0
146  0  0  1  4.062500  0.250000  0.0
147  0  0  1  4.375000  0.250000  0.0
148  0  0  1  4.687500  0.250000  0.0
149  0  0  1  5.000000  0.250000  0.0
150  0  0  1  5.312500  0.250000  0.0
151  0  0  1  5.625000  0.250000  0.0
152  0  0  1  5.937500  0.250000  0.0
153  0  0  1  6.250000  0.250000  0.0
154  0  0  1  6.562500  0.250000  0.0
155  0  0  1  6.875000  0.250000  0.0
156  0  0  1  7.187500  0.250000  0.0
157  0  0  1  7.500000  0.250000  0.0
158  0  0  1  7.812500  0.250000  0.0
159  0  0  1  8.125000  0.250000  0.0
160  0  0  1  8.437500  0.250000  0.0
161  0  0  1  8.750000  0.250000  0.0
162  0  0  1  9.062500  0.250000  0.0
163  0  0  1  9.375000  0.250000  0.0
164  0  0  1  9.687500  0.250000  0.0
165  0  0  1  10.000000  0.250000  0.0
166  1  1  1  0.000000  0.312500  0.0
167  0  0  1  0.312500  0.312500  0.0
168  0  0  1  0.625000  0.312500  0.0
169  0  0  1  0.937500  0.312500  0.0
170  0  0  1  1.250000  0.312500  0.0
171  0  0  1  1.562500  0.312500  0.0
172  0  0  1  1.875000  0.312500  0.0
173  0  0  1  2.187500  0.312500  0.0
174  0  0  1  2.500000  0.312500  0.0
175  0  0  1  2.812500  0.312500  0.0
176  0  0  1  3.125000  0.312500  0.0
177  0  0  1  3.437500  0.312500  0.0
178  0  0  1  3.750000  0.312500  0.0
179  0  0  1  4.062500  0.312500  0.0
180  0  0  1  4.375000  0.312500  0.0
181  0  0  1  4.687500  0.312500  0.0
182  0  0  1  5.000000  0.312500  0.0
183  0  0  1  5.312500  0.312500  0.0
184  0  0  1  5.625000  0.312500  0.0
185  0  0  1  5.937500  0.312500  0.0
186  0  0  1  6.250000  0.312500  0.0
187  0  0  1  6.562500  0.312500  0.0
188  0  0  1  6.875000  0.312500  0.0
189  0  0  1  7.187500  0.312500  0.0
190  0  0  1  7.500000  0.312500  0.0
191  0  0  1  7.812500  0.312500  0.0
192  0  0  1  8.125000  0.312500  0.0
193  0  0  1  8.437500  0.312500  0.0
194  0  0  1  8.750000  0.312500  0.0
195  0  0  1  9.062500  0.312500  0.0
196  0  0  1  9.375000  0.312500  0.0
197  0  0  1  9.687500  0.312500  0.0
198  0  0  1  10.000000  0.312500  0.0
199  1  1  1  0.000000  0.375000  0.0
200  0  0  1  0.312500  0.375000  0.0
201  0  0  1  0.625000  0.375000  0.0
202  0  0  1  0.937500  0.375000  0.0
203  0  0  1  1.250000  0.375000  0.0
204  0  0  1  1.562500  0.375000  0.0
205  0  0  1  1.875000  0.375000  0.0
206  0  0  1  2.187500  0.375000  0.0
207  0  0  1  2.500000  0.375000  0.0
208  0  0  1  2.812500  0.375000  0.0
209  0  0  1  3.125000  0.375000  0.0
210  0  0  1  3.437500  0.375000  0.0
211  0  0  1  3.750000  0.375000  0.0
212  0  0  1  4.062500  0.375000  0.0
213  0  0  1  4.375000  0.375000  0.0
214  0  0  1  4.687500  0.375000  0.0
215  0  0  1  5.000000  0.375000  0.0
216  0  0  1  5.312500  0.375000  0.0
217  0  0  1  5.625000  0.375000  0.0
218  0  0  1  5.937500  0.375000  0.0
219  0  0  1  6.250000  0.375000  0.0
220  0  0  1  6.562500  0.375000  0.0
221  0  0  1  6.875000  0.375000  0.0
222  0  0  1  7.187500  0.375000  0.0
223  0  0  1  7.500000  0.375000  0.0
224  0  0  1  7.812500  0.375000  0.0
225  0  0  1  8.125000  0.375000  0.0
226  0  0  1  8.437500  0.375000  0.0
227  0  0  1  8.750000  0.375000  0.0
228  0  0  1  9.062500  0.375000  0.0
229  0  0  1  9.375000  0.375000  0.0
230  0  0  1  9.687500  0.375000  0.0
231  0  0  1  10.000000  0.375000  0.0
232  1  1  1  0.000000  0.437500  0.0
233  0  0  1  0.312500  0.437500  0.0
234  0  0  1  0.625000  0.437500  0.0
235  0  0  1  0.937500  0.437500  0.0
236  0  0  1  1.250000  0.437500  0.0
237  0  0  1  1.562500  0.437500  0.0
238  0  0  1  1.875000  0.437500  0.0
239  0  0  1  2.187500  0.437500  0.0
240  0  0  1  2.500000  0.437500  0.0
241  0  0  1  2.812500  0.437500  0.0
242  0  0  1  3.125000  0.437500  0.0
243  0  0  1  3.437500  0.437500  0.0
244  0  0  1  3.750000  0.437500  0.0
245  0  0  1  4.062500  0.437500  0.0
246  0  0  1  4.375000  0.437500  0.0
247  0  0  1  4.687500  0.437500  0.0
248  0  0  1  5.000000  0.437500  0.0
249  0  0  1  5.312500  0.437500  0.0
250  0  0  1  5.625000  0.437500  0.0
251  0  0  1  5.937500  0.437500  0.0
252  0  0  1  6.250000  0.437500  0.0
253  0  0  1  6.562500  0.437500  0.0
254  0  0  1  6.875000  0.437500  0.0
255  0  0  1  7.187500  0.437500  0.0
256  0  0  1  7.500000  0.437500  0.0
257  0  0  1  7.812500  0.437500  0.0
258  0  0  1  8.125000  0.437500  0.0
259  0  0  1  8.437500  0.437500  0.0
260  0  0  1  8.750000  0.437500  0.0
261  0  0  1  9.062500  0.437500  0.0
262  0  0  1  9.375000  0.437500  0.0
263  0  0  1  9.687500  0.437500  0.0
264  0  0  1  10.000000  0.437500  0.0
265  1  1  1  0.000000  0.500000  0.0
266  0  0  1  0.312500  0.500000  0.0
267  0  0  1  0.625000  0.500000  0.0
268  0  0  1  0.937500  0.500000  0.0
269  0  0  1  1.250000  0.500000  0.0
270  0  0  1  1.562500  0.500000  0.0
271  0  0  1  1.875000  0.500000  0.0
272  0  0  1  2.187500  0.500000  0.0
273  0  0  1  2.500000  0.500000  0.0
274  0  0  1  2.812500  0.500000  0.0
275  0  0  1  3.125000  0.500000  0.0
276  0  0  1  3.437500  0.500000  0.0
277  0  0  1  3.750000  0.500000  0.0
278  0  0  1  4.062500  0.500000  0.0
279  0  0  1  4.375000  0.500000  0.0
280  0  0  1  4.687500  0.500000  0.0
281  0  0  1  5.000000  0.500000  0.0
282  0  0  1  5.312500  0.500000  0.0
283  0  0  1  5.625000  0.500000  0.0
284  0  0  1  5.937500  0.500000  0.0
285  0  0  1  6.250000  0.500000  0.0
286  0  0  1  6.562500  0.500000  0.0
287  0  0  1  6.875000  0.500000  0.0
288  0  0  1  7.187500  0.500000  0.0
289  0  0  1  7.500000  0.500000  0.0
290  0  0  1  7.812500  0.500000  0.0
291  0  0  1  8.125000  0.500000  0.0
292  0  0  1  8.437500  0.500000  0.0
293  0  0  1  8.750000  0.500000  0.0
294  0  0  1  9.062500  0.500000  0.0
295  0  0  1  9.375000  0.500000  0.0
296  0  0  1  9.687500  0.500000  0.0
297  0  0  1  10.000000  0.500000  0.0
298  1  1  1  0.000000  0.562500  0.0
299  0  0  1  0.312500  0.562500  0.0
300  0  0  1  0.625000  0.562500  0.0
301  0  0  1  0.937500  0.562500  0.0
302  0  0  1  1.250000  0.562500  0.0
303  0  0  1  1.562500  0.562500  0.0
304  0  0  1  1.875000  0.562500  0.0
305  0  0  1  2.187500  0.562500  0.0
306  0  0  1  2.500000  0.562500  0.0
307  0  0  1  2.812500  0.562500  0.0
308  0  0  1  3.125000  0.562500  0.0
309  0  0  1  3.437500  0.562500  0.0
310  0  0  1  3.750000  0.562500  0.0
311  0  0  1  4.062500  0.562500  0.0
312  0  0  1  4.375000  0.562500  0.0
313  0  0  1  4.687500  0.562500  0.0
314  0  0  1  5.000000  0.562500  0.0
315  0  0  1  5.312500  0.562500  0.0
316  0  0  1  5.625000  0.562500  0.0
317  0  0  1  5.937500  0.562500  0.0
318  0  0  1  6.250000  0.562500  0.0
319  0  0  1  6.562500  0.562500  0.0
320  0  0  1  6.875000  0.562500  0.0
321  0  0  1  7.187500  0.562500  0.0
322  0  0  1  7.500000  0.562500  0.0
323  0  0  1  7.812500  0.562500  0.0
324  0  0  1  8.125000  0.562500  0.0
325  0  0  1  8.437500  0.562500  0.0
326  0  0  1  8.750000  0.562500  0.0
327  0  0  1  9.062500  0.562500  0.0
328  0  0  1  9.375000  0.562500  0.0
329  0  0  1  9.687500  0.562500  0.0
330  0  0  1  10.000000  0.562500  0.0
331  1  1  1  0.000000  0.625000  0.0
332  0  0  1  0.312500  0.625000  0.0
333  0  0  1  0.625000  0.625000  0.0
334  0  0  1  0.937500  0.625000  0.0
335  0  0  1  1.250000  0.625000  0.0
336  0  0  1  1.562500  0.625000  0.0
337  0  0  1  1.875000  0.625000  0.0
338  0  0  1  2.187500  0.625000  0.0
339  0  0  1  2.500000  0.625000  0.0
340  0  0  1  2.812500  0.625000  0.0
341  0  0  1  3.125000  0.625000  0.0
342  0  0  1  3.437500  0.625000  0.0
343  0  0  1  3.750000  0.625000  0.0
344  0  0  1  4.062500  0.625000  0.0
345  0  0  1  4.375000  0.625000  0.0
346  0  0  1  4.687500  0.625000  0.0
347  0  0  1  5.000000  0.625000  0.0
348  0  0  1  5.312500  0.625000  0.0
349  0  0  1  5.625000  0.625000  0.0
350  0  0  1  5.937500  0.625000  0.0
351  0  0  1  6.250000  0.625000  0.0
352  0  0  1  6.562500  0.625000  0.0
353  0  0  1  6.875000  0.625000  0.0
354  0  0  1  7.187500  0.625000  0.0
355  0  0  1  7.500000  0.625000  0.0
356  0  0  1  7.812500  0.625000  0.0
357  0  0  1  8.125000  0.625000  0.0
358  0  0  1  8.437500  0.625000  0.0
359  0  0  1  8.750000  0.625000  0.0
360  0  0  1  9.062500  0.625000  0.0
361  0  0  1  9.375000  0.625000  0.0
362  0  0  1  9.687500  0.625000  0.0
363  0  0  1  10.000000  0.625000  0.0
364  1  1  1  0.000000  0.687500  0.0
365  0  0  1  0.312500  0.687500  0.0
366  0  0  1  0.625000  0.687500  0.0
367  0  0  1  0.937500  0.687500  0.0
368  0  0  1  1.250000  0.687500  0.0
369  0  0  1  1.562500  0.687500  0.0
370  0  0  1  1.875000  0.687500  0.0
371  0  0  1  2.187500  0.687500  0.0
372  0  0  1  2.500000  0.687500  0.0
373  0  0  1  2.812500  0.687500  0.0
374  0  0  1  3.125000  0.687500  0.0
375  0  0  1  3.437500  0.687500  0.0
376  0  0  1  3.750000  0.687500  0.0
377  0  0  1  4.062500  0.687500  0.0
378  0  0  1  4.375000  0.687500  0.0
379  0  0  1  4.687500  0.687500  0.0
380  0  0  1  5.000000  0.687500  0.0
381  0  0  1  5.312500  0.687500  0.0
382  0  0  1  5.625000  0.687500  0.0
383  0  0  1  5.937500  0.687500  0.0
384  0  0  1  6.250000  0.687500  0.0
385  0  0  1  6.562500  0.687500  0.0
386  0  0  1  6.875000  0.687500  0.0
387  0  0  1  7.187500  0.687500  0.0
388  0  0  1  7.500000  0.687500  0.0
389  0  0  1  7.812500  0.687500  0.0
390  0  0  1  8.125000  0.687500  0.0
391  0  0  1  8.437500  0.687500  0.0
392  0  0  1  8.750000  0.687500  0.0
393  0  0  1  9.062500  0.687500  0.0
394  0  0  1  9.375000  0.687500  0.0
395  0  0  1  9.687500  0.687500  0.0
396  0  0  1  10.000000  0.687500  0.0
397  1  1  1  0.000000  0.750000  0.0
398  0  0  1  0.312500  0.750000  0.0
399  0  0  1  0.625000  0.750000  0.0
400  0  0  1  0.937500  0.750000  0.0
401  0  0  1  1.250000  0.750000  0.0
402  0  0  1  1.562500  0.750000  0.0
403  0  0  1  1.875000  0.750000  0.0
404  0  0  1  2.187500  0.750000  0.0
405  0  0  1  2.500000  0.750000  0.0
406  0  0  1  2.812500  0.750000  0.0
407  0  0  1  3.125000  0.750000  0.0
408  0  0  1  3.437500  0.750000  0.0
409  0  0  1  3.750000  0.750000  0.0
410  0  0  1  4.062500  0.750000  0.0
411  0  0  1  4.375000  0.750000  0.0
412  0  0  1  4.687500  0.750000  0.0
413  0  0  1  5.000000  0.750000  0.0
414  0  0  1  5.312500  0.750000  0.0
415  0  0  1  5.625000  0.750000  0.0
416  0  0  1  5.937500  0.750000  0.0
417  0  0  1  6.250000  0.750000  0.0
418  0  0  1  6.562500  0.750000  0.0
419  0  0  1  6.875000  0.750000  0.0
420  0  0  1  7.187500  0.750000  0.0
421  0  0  1  7.500000  0.750000  0.0
422  0  0  1  7.812500  0.750000  0.0
423  0  0  1  8.125000  0.750000  0.0
424  0  0  1  8.437500  0.750000  0.0
425  0  0  1  8.750000  0.750000  0.0
426  0  0  1  9.062500  0.750000  0.0
427  0  0  1  9.375000  0.750000  0.0
428  0  0  1  9.687500  0.750000  0.0
429  0  0  1  10.000000  0.750000  0.0
430  1  1  1  0.000000  0.812500  0.0
431  0  0  1  0.312500  0.812500  0.0
432  0  0  1  0.625000  0.812500  0.0
433  0  0  1  0.937500  0.812500  0.0
434  0  0  1  1.250000  0.812500  0.0
435  0  0  1  1.562500  0.812500  0.0
436  0  0  1  1.875000  0.812500  0.0
437  0  0  1  2.187500  0.812500  0.0
438  0  0  1  2.500000  0.812500  0.0
439  0  0  1  2.812500  0.812500  0.0
440  0  0  1  3.125000  0.812500  0.0
441  0  0  1  3.437500  0.812500  0.0
442  0  0  1  3.750000  0.812500  0.0
443  0  0  1  4.062500  0.812500  0.0
444  0  0  1  4.375000  0.812500  0.0
445  0  0  1  4.687500  0.812500  0.0
446  0  0  1  5.000000  0.812500  0.0
447  0  0  1  5.312500  0.812500  0.0
448  0  0  1  5.625000  0.812500  0.0
449  0  0  1  5.937500  0.812500  0.0
450  0  0  1  6.250000  0.812500  0.0
451  0  0  1  6.562500  0.812500  0.0
452  0  0  1  6.875000  0.812500  0.0
453  0  0  1  7.187500  0.812500  0.0
454  0  0  1  7.500000  0.812500  0.0
455  0  0  1  7.812500  0.812500  0.0
456  0  0  1  8.125000  0.812500  0.0
457  0  0  1  8.437500  0.812500  0.0
458  0  0  1  8.750000  0.812500  0.0
459  0  0  1  9.062500  0.812500  0.0
460  0  0  1  9.375000  0.812500  0.0
461  0  0  1  9.687500  0.812500  0.0
462  0  0  1  10.000000  0.812500  0.0
463  1  1  1  0.000000  0.875000  0.0
464  0  0  1  0.312500  0.875000  0.0
465  0  0  1  0.625000  0.875000  0.0
466  0  0  1  0.937500  0.875000  0.0
467  0  0  1  1.250000  0.875000  0.0
468  0  0  1  1.562500  0.875000  0.0
469  0  0  1  1.875000  0.875000  0.0
470  0  0  1  2.187500  0.875000  0.0
471  0  0  1  2.500000  0.875000  0.0
472  0  0  1  2.812500  0.875000  0.0
473  0  0  1  3.125000  0.875000  0.0
474  0  0  1  3.437500  0.875000  0.0
475  0  0  1  3.750000  0.875000  0.0
476  0  0  1  4.062500  0.875000  0.0
477  0  0  1  4.375000  0.875000  0.0
478  0  0  1  4.687500  0.875000  0.0
479  0  0  1  5.000000  0.875000  0.0
480  0  0  1  5.312500  0.875000  0.0
481  0  0  1  5.625000  0.875000  0.0
482  0  0  1  5.937500  0.875000  0.0
483  0  0  1  6.250000  0.875000  0.0
484  0  0  1  6.562500  0.875000  0.0
485  0  0  1  6.875000  0.875000  0.0
486  0  0  1  7.187500  0.875000  0.0
487  0  0  1  7.500000  0.875000  0.0
488  0  0  1  7.812500  0.875000  0.0
489  0  0  1  8.125000  0.875000  0.0
490  0  0  1  8.437500  0.875000  0.0
491  0  0  1  8.750000  0.875000  0.0
492  0  0  1  9.062500  0.875000  0.0
493  0  0  1  9.375000  0.875000  0.0
494  0  0  1  9.687500  0.875000  0.0
495  0  0  1  10.000000  0.875000  0.0
496  1  1  1  0.000000  0.937500  0.0
497  0  0  1  0.312500  0.937500  0.0
498  0  0  1  0.625000  0.937500  0.0
499  0  0  1  0.937500  0.937500  0.0
500  0  0  1  1.250000  0.937500  0.0
501  0  0  1  1.562500  0.937500  0.0
502  0  0  1  1.875000  0.937500  0.0
503  0  0  1  2.187500  0.937500  0.0
504  0  0  1  2.500000  0.937500  0.0
505  0  0  1  2.812500  0.937500  0.0
506  0  0  1  3.125000  0.937500  0.0
507  0  0  1  3.437500  0.937500  0.0
508  0  0  1  3.750000  0.937500  0.0
509  0  0  1  4.062500  0.937500  0.0
510  0  0  1  4.375000  0.937500  0.0
511  0  0  1  4.687500  0.937500  0.0
512  0  0  1  5.000000  0.937500  0.0
513  0  0  1  5.312500  0.937500  0.0
514  0  0  1  5.625000  0.937500  0.0
515  0  0  1  5.937500  0.937500  0.0
516  0  0  1  6.250000  0.937500  0.0
517  0  0  1  6.562500  0.937500  0.0
518  0  0  1  6.875000  0.937500  0.0
519  0  0  1  7.187500  0.937500  0.0
520  0  0  1  7.500000  0.937500  0.0
521  0  0  1  7.812500  0.937500  0.0
522  0  0  1  8.125000  0.937500  0.0
523  0  0  1  8.437500  0.937500  0.0
524  0  0  1  8.750000  0.937500  0.0
525  0  0  1  9.062500  0.937500  0.0
526  0  0  1  9.375000  0.937500  0.0
527  0  0  1  9.687500  0.937500  0.0
528  0  0  1  10.000000  0.937500  0.0
529  1  1  1  0.000000  1.000000  0.0
530  0  0  1  0.312500  1.000000  0.0
531  0  0  1  0.625000  1.000000  0.0
532  0  0  1  0.937500  1.000000  0.0
533  0  0  1  1.250000  1.000000  0.0
534  0  0  1  1.562500  1.000000  0.0
535  0  0  1  1.875000  1.000000  0.0
536  0  0  1  2.187500  1.000000  0.0
537  0  0  1  2.500000  1.000000  0.0
538  0  0  1  2.812500  1.000000  0.0
539  0  0  1  3.125000  1.000000  0.0
540  0  0  1  3.437500  1.000000  0.0
541  0  0  1  3.750000  1.000000  0.0
542  0  0  1  4.062500  1.000000  0.0
543  0  0  1  4.375000  1.000000  0.0
544  0  0  1  4.687500  1.000000  0.0
545  0  0  1  5.000000  1.000000  0.0
546  0  0  1  5.312500  1.000000  0.0
547  0  0  1  5.625000  1.000000  0.0
548  0  0  1  5.937500  1.000000  0.0
549  0  0  1  6.250000  1.000000  0.0
550  0  0  1  6.562500  1.000000  0.0
551  0  0  1  6.875000  1.000000  0.0
552  0  0  1  7.187500  1.000000  0.0
553  0  0  1  7.500000  1.000000  0.0
554  0  0  1  7.812500  1.000000  0.0
555  0  0  1  8.125000  1.000000  0.0
556  0  0  1  8.437500  1.000000  0.0
557  0  0  1  8.750000  1.000000  0.0
558  0  0  1  9.062500  1.000000  0.0
559  0  0  1  9.375000  1.000000  0.0
560  0  0  1  9.687500  1.000000  0.0
561  0  0  1  10.000000  1.000000  0.0
1  17  33  2  -5882.352941  66  2  -5882.352941  99  2  -5882.352941  132  2  -5882.352941  165  2  -5882.352941  198  2  -5882.352941  231  2  -5882.352941  264  2  -5882.352941  297  2  -5882.352941  330  2  -5882.352941  363  2  -5882.352941  396  2  -5882.352941  429  2  -5882.352941  462  2  -5882.352941  495  2  -5882.352941  528  2  -5882.352941  561  2  -5882.352941
2  512  1
1  2.000000e+11  0.300000  0.100000
1  1  2  35  34  1
2  2  3  36  35  1
3  3  4  37  36  1
4  4  5  38  37  1
5  5  6  39  38  1
6  6  7  40  39  1
7  7  8  41  40  1
8  8  9  42  41  1
9  9  10  43  42  1
10  10  11  44  43  1
11  11  12  45  44  1
12  12  13  46  45  1
13  13  14  47  46  1
14  14  15  48  47  1
15  15  16  49  48  1
16  16  17  50  49  1
17  17  18  51  50  1
18  18  19  52  51  1
19  19  20  53  52  1
20  20  21  54  53  1
21  21  22  55  54  1
22  22  23  56  55  1
23  23  24  57  56  1
24  24  25  58  57  1
25  25  26  59  58  1
26  26  27  60  59  1
27  27  28  61  60  1
28  28  29  62  61  1
29  29  30  63  62  1
30  30  31  64  63  1
31  31  32  65  64  1
32  32  33  66  65  1
33  34  35  68  67  1
34  35  36  69  68  1
35  36  37  70  69  1
36  37  38  71  70  1
37  38  39  72  71  1
38  39  40  73  72  1
39  40  41  74  73  1
40  41  42  75  74  1
41  42  43  76  75  1
42  43  44  77  76  1
43  44  45  78  77  1
44  45  46  79  78  1
45  46  47  80  79  1
46  47  48  81  80  1
47  48  49  82  81  1
48  49  50  83  82  1
49  50  51  84  83  1
50  51  52  85  84  1
51  52  53  86  85  1
52  53  54  87  86  1
53  54  55  88  87  1
54  55  56  89  88  1
55  56  57  90  89  1
56  57  58  91  90  1
57  58  59  92  91  1
58  59  60  93  92  1
59  60  61  94  93  1
60  61  62  95  94  1
61  62  63  96  95  1
62  63  64  97  96  1
63  64  65  98  97  1
64  65  66  99  98  1
65  67  68  101  100  1
66  68  69  102  101  1
67  69  70  103  102  1
68  70  71  104  103  1
69  71  72  105  104  1
70  72  73  106  105  1
71  73  74  107  106  1
72  74  75  108  107  1
73  75  76  109  108  1
74  76  77  110  109  1
75  77  78  111  110  1
76  78  79  112  111  1
77  79  80  113  112  1
78  80  81  114  113  1
79  81  82  115  114  1
80  82  83  116  115  1
81  83  84  117  116  1
82  84  85  118  117  1
83  85  86  119  118  1
84  86  87  120  119  1
85  87  88  121  120  1
86  88  89  122  121  1
87  89  90  123  122  1
88  90  91  124  123  1
89  91  92  125  124  1
90  92  93  126  125  1
91  93  94  127  126  1
92  94  95  128  127  1
93  95  96  129  128  1
94  96  97  130  129  1
95  97  98  131  130  1
96  98  99  132  131  1
97  100  101  134  133  1
98  101  102  135  134  1
99  102  103  136  135  1
100  103  104  137  136  1
101  104  105  138  137  1
102  105  106  139  138  1
103  106  107  140  139  1
104  107  108  141  140  1
105  108  109  142  141  1
106  109  110  143  142  1
107  110  111  144  143  1
108  111  112  145  144  1
109  112  113  146  145  1
110  113  114  147  146  1
111  114  115  148  147  1
112  115  116  149  148  1
113  116  117  150  149  1
114  117  118  151  150  1
115  118  119  152  151  1
116  119  120  153  152  1
117  120  121  154  153  1
118  121  122  155  154  1
119  122  123  156  155  1
120  123  124  157  156  1
121  124  125  158  157  1
122  125  126  159  158  1
123  126  127  160  159  1
124  127  128  161  160  1
125  128  129  162  161  1
126  129  130  163  162  1
127  130  131  164  163  1
128  131  132  165  164  1
129  133  134  167  166  1
130  134  135  168  167  1
131  135  136  169  168  1
132  136  137  170  169  1
133  137  138  171  170  1
134  138  139  172  171  1
135  139  140  173  172  1
136  140  141  174  173  1
137  141  142  175  174  1
138  142  143  176  175  1
139  143  144  177  176  1
140  144  145  178  177  1
141  145  146  179  178  1
142  146  147  180  179  1
143  147  148  181  180  1
144  148  149  182  181  1
145  149  150  183  182  1
146  150  151  184  183  1
147  151  152  185  184  1
148  152  153  186  185  1
149  153  154  187  186  1
150  154  155  188  187  1
151  155  156  189  188  1
152  156  157  190  189  1
153  157  158  191  190  1
154  158  159  192  191  1
155  159  160  193  192  1
156  160  161  194  193  1
157  161  162  195  194  1
158  162  163  196  195  1
159  163  164  197  196  1
160  164  165  198  197  1
161  166  167  200  199  1
162  167  168  201  200  1
163  168  169  202  201  1
164  169  170  203  202  1
165  170  171  204  203  1
166  171  172  205  204  1
167  172  173  206  205  1
168  173  174  207  206  1
169  174  175  208  207  1
170  175  176  209  208  1
171  176  177  210  209  1
172  177  178  211  210  1
173  178  179  212  211  1
174  179  180  213  212  1
175  180  181  214  213  1
176  181  182  215  214  1
177  182  183  216  215  1
178  183  184  217  216  1
179  184  185  218  217  1
180  185  186  219  218  1
181  186  187  220  219  1
182  187  188  221  220  1
183  188  189  222  221  1
184  189  190  223  222  1
185  190  191  224  223  1
186  191  192  225  224  1
187  192  193  226  225  1
188  193  194  227  226  1
189  194  195  228  227  1
190  195  196  229  228  1
191  196  197  230  229  1
192  197  198  231  230  1
193  199  200  233  232  1
194  200  201  234  233  1
195  201  202  235  234  1
196  202  203  236  235  1
197  203  204  237  236  1
198  204  205  238  237  1
199  205  206  239  238  1
200  206  207  240  239  1
201  207  208  241  240  1
202  208  209  242  241  1
203  209  210  243  242  1
204  210  211  244  243  1
205  211  212  245  244  1
206  212  213  246  245  1
207  213  214  247  246  1
208  214  215  248  247  1
209  215  216  249  248  1
210  216  217  250  249  1
211  217  218  251  250  1
212  218  219  252  251  1
213  219  220  253  252  1
214  220  221  254  253  1
215  221  222  255  254  1
216  222  223  256  255  1
217  223  224  257  256  1
218  224  225  258  257  1
219  225  226  259  258  1
220  226  227  260  259  1
221  227  228  261  260  1
222  228  229  262  261  1
223  229  230  263  262  1
224  230  231  264  263  1
225  232  233  266  265  1
226  233  234  267  266  1
227  234  235  268  267  1
228  235  236  269  268  1
229  236  237  270  269  1
230  237  238  271  270  1
231  238  239  272  271  1
232  239  240  273  272  1
233  240  241  274  273  1
234  241  242  275  274  1
235  242  243  276  275  1
236  243  244  277  276  1
237  244  245  278  277  1
238  245  246  279  278  1
239  246  247  280  279  1
240  247  248  281  280  1
241  248  249  282  281  1
242  249  250  283  282  1
243  250  251  284  283  1
244  251  252  285  284  1
245  252  253  286  285  1
246  253  254  287  286  1
247  254  255  288  287  1
248  255  256  289  288  1
249  256  257  290  289  1
250  257  258  291  290  1
251  258  259  292  291  1
252  259  260  293  292  1
253  260  261  294  293  1
254  261  262  295  294  1
255  262  263  296  295  1
256  263  264  297  296  1
257  265  266  299  298  1
258  266  267  300  299  1
259  267  268  301  300  1
260  268  269  302  301  1
261  269  270  303  302  1
262  270  271  304  303  1
263  271  272  305  304  1
264  272  273  306  305  1
265  273  274  307  306  1
266  274  275  308  307  1
267  275  276  309  308  1
268  276  277  310  309  1
269  277  278  311  310  1
270  278  279  312  311  1
271  279  280  313  312  1
272  280  281  314  313  1
273  281  282  315  314  1
274  282  283  316  315  1
275  283  284  317  316  1
276  284  285  318  317  1
277  285  286  319  318  1
278  286  287  320  319  1
279  287  288  321  320  1
280  288  289  322  321  1
281  289  290  323  322  1
282  290  291  324  323  1
283  291  292  325  324  1
284  292  293  326  325  1
285  293  294  327  326  1
286  294  295  328  327  1
287  295  296  329  328  1
288  296  297  330  329  1
289  298  299  332  331  1
290  299  300  333  332  1
291  300  301  334  333  1
292  301  302  335  334  1
293  302  303  336  335  1
294  303  304  337  336  1
295  304  305  338  337  1
296  305  306  339  338  1
297  306  307  340  339  1
298  307  308  341  340  1
299  308  309  342  341  1
300  309  310  343  342  1
301  310  311  344  343  1
302  311  312  345  344  1
303  312  313  346  345  1
304  313  314  347  346  1
305  314  315  348  347  1
306  315  316  349  348  1
307  316  317  350  349  1
308  317  318  351  350  1
309  318  319  352  351  1
310  319  320  353  352  1
311  320  321  354  353  1
312  321  322  355  354  1
313  322  323  356  355  1
314  323  324  357  356  1
315  324  325  358  357  1
316  325  326  359  358  1
317  326  327  360  359  1
318  327  328  361  360  1
319  328  329  362  361  1
320  329  330  363  362  1
321  331  332  365  364  1
322  332  333  366  365  1
323  333  334  367  366  1
324  334  335  368  367  1
325  335  336  369  368  1
326  336  337  370  369  1
327  337  338  371  370  1
328  338  339  372  371  1
329  339  340  373  372  1
330  340  341  374  373  1
331  341  342  375  374  1
332  342  343  376  375  1
333  343  344  377  376  1
334  344  345  378  377  1
335  345  346  379  378  1
336  346  347  380  379  1
337  347  348  381  380  1
338  348  349  382  381  1
339  349  350  383  382  1
340  350  351  384  383  1
341  351  352  385  384  1
342  352  353  386  385  1
343  353  354  387  386  1
344  354  355  388  387  1
345  355  356  389  388  1
346  356  357  390  389  1
347  357  358  391  390  1
348  358  359  392  391  1
349  359  360  393  392  1
350  360  361  394  393  1
351  361  362  395  394  1
352  362  363  396  395  1
353  364  365  398  397  1
354  365  366  399  398  1
355  366  367  400  399  1
356  367  368  401  400  1
357  368  369  402  401  1
358  369  370  403  402  1
359  370  371  404  403  1
360  371  372  405  404  1
361  372  373  406  405  1
362  373  374  407  406  1
363  374  375  408  407  1
364  375  376  409  408  1
365  376  377  410  409  1
366  377  378  411  410  1
367  378  379  412  411  1
368  379  380  413  412  1
369  380  381  414  413  1
370  381  382  415  414  1
371  382  383  416  415  1
372  383  384  417  416  1
373  384  385  418  417  1
374  385  386  419  418  1
375  386  387  420  419  1
376  387  388  421  420  1
377  388  389  422  421  1
378  389  390  423  422  1
379  390  391  424  423  1
380  391  392  425  424  1
381  392  393  426  425  1
382  393  394  427  426  1
383  394  395  428  427  1
384  395  396  429  428  1
385  397  398  431  430  1
386  398  399  432  431  1
387  399  400  433  432  1
388  400  401  434  433  1
389  401  402  435  434  1
390  402  403  436  435  1
391  403  404  437  436  1
392  404  405  438  437  1
393  405  406  439  438  1
394  406  407  440  439  1
395  407  408  441  440  1
396  408  409  442  441  1
397  409  410  443  442  1
398  410  411  444  443  1
399  411  412  445  444  1
400  412  413  446  445  1
401  413  414  447  446  1
402  414  415  448  447  1
403  415  416  449  448  1
404  416  417  450  449  1
405  417  418  451  450  1
406  418  419  452  451  1
407  419  420  453  452  1
408  420  421  454  453  1
409  421  422  455  454  1
410  422  423  456  455  1
411  423  424  457  456  1
412  424  425  458  457  1
413  425  426  459  458  1
414  426  427  460  459  1
415  427  428  461  460  1
416  428  429  462  461  1
417  430  431  464  463  1
418  431  432  465  464  1
419  432  433  466  465  1
420  433  434  467  466  1
421  434  435  468  467  1
422  435  436  469  468  1
423  436  437  470  469  1
424  437  438  471  470  1
425  438  439  472  471  1
426  439  440  473  472  1
427  440  441  474  473  1
428  441  442  475  474  1
429  442  443  476  475  1
430  443  444  477  476  1
431  444  445  478  477  1
432  445  446  479  478  1
433  446  447  480  479  1
434  447  448  481  480  1
435  448  449  482  481  1
436  449  450  483  482  1
437  450  451  484  483  1
438  451  452  485  484  1
439  452  453  486  485  1
440  453  454  487  486  1
441  454  455  488  487  1
442  455  456  489  488  1
443  456  457  490  489  1
444  457  458  491  490  1
445  458  459  492  491  1
446  459  460  493  492  1
447  460  461  494  493  1
448  461  462  495  494  1
449  463  464  497  496  1
450  464  465  498  497  1
451  465  466  499  498  1
452  466  467  500  499  1
453  467  468  501  500  1
454  468  469  502  501  1
455  469  470  503  502  1
456  470  471  504  503  1
457  471  472  505  504  1
458  472  473  506  505  1
459  473  474  507  506  1
460  474  475  508  507  1
461  475  476  509  508  1
462  476  477  510  509  1
463  477  478  511  510  1
464  478  479  512  511  1
465  479  480  513  512  1
466  480  481  514  513  1
467  481  482  515  514  1
468  482  483  516  515  1
469  483  484  517  516  1
470  484  485  518  517  1
471  485  486  519  518  1
472  486  487  520  519  1
473  487  488  521  520  1
474  488  489  522  521  1
475  489  490  523  522  1
476  490  491  524  523  1
477  491  492  525  524  1
478  492  493  526  525  1
479  493  494  527  526  1
480  494  495  528  527  1
481  496  497  530  529  1
482  497  498  531  530  1
483  498  499  532  531  1
484  499  500  533  532  1
485  500  501  534  533  1
486  501  502  535  534  1
487  502  503  536  535  1
488  503  504  537  536  1
489  504  505  538  537  1
490  505  506  539  538  1
491  506  507  540  539  1
492  507  508  541  540  1
493  508  509  542  541  1
494  509  510  543  542  1
495  510  511  544  543  1
496  511  512  545  544  1
497  512  513  546  545  1
498  513  514  547  546  1
499  514  515  548  547  1
500  515  516  549  548  1
501  516  517  550  549  1
502  517  518  551  550  1
503  518  519  552  551  1
504  519  520  553  552  1
505  520  521  554  553  1
506  521  522  555  554  1
507  522  523  556  555  1
508  523  524  557  556  1
509  524  525  558  557  1
510  525  526  559  558  1
511  526  527  560  559  1
512  527  528  561  560  1
