Beam Convergence Test - 32 Elements
33  1  1  1
1  1  1  1  0.0  0.0  0.0
2  0  0  0  0.3125000000  0.0  0.0
3  0  0  0  0.6250000000  0.0  0.0
4  0  0  0  0.9375000000  0.0  0.0
5  0  0  0  1.2500000000  0.0  0.0
6  0  0  0  1.5625000000  0.0  0.0
7  0  0  0  1.8750000000  0.0  0.0
8  0  0  0  2.1875000000  0.0  0.0
9  0  0  0  2.5000000000  0.0  0.0
10  0  0  0  2.8125000000  0.0  0.0
11  0  0  0  3.1250000000  0.0  0.0
12  0  0  0  3.4375000000  0.0  0.0
13  0  0  0  3.7500000000  0.0  0.0
14  0  0  0  4.0625000000  0.0  0.0
15  0  0  0  4.3750000000  0.0  0.0
16  0  0  0  4.6875000000  0.0  0.0
17  0  0  0  5.0000000000  0.0  0.0
18  0  0  0  5.3125000000  0.0  0.0
19  0  0  0  5.6250000000  0.0  0.0
20  0  0  0  5.9375000000  0.0  0.0
21  0  0  0  6.2500000000  0.0  0.0
22  0  0  0  6.5625000000  0.0  0.0
23  0  0  0  6.8750000000  0.0  0.0
24  0  0  0  7.1875000000  0.0  0.0
25  0  0  0  7.5000000000  0.0  0.0
26  0  0  0  7.8125000000  0.0  0.0
27  0  0  0  8.1250000000  0.0  0.0
28  0  0  0  8.4375000000  0.0  0.0
29  0  0  0  8.7500000000  0.0  0.0
30  0  0  0  9.0625000000  0.0  0.0
31  0  0  0  9.3750000000  0.0  0.0
32  0  0  0  9.6875000000  0.0  0.0
33  0  0  0  10.0000000000  0.0  0.0
1  1
33  2  -100000
6  32  1
1  2.0e11  0.1  0.008333
1  1  2  1
2  2  3  1
3  3  4  1
4  4  5  1
5  5  6  1
6  6  7  1
7  7  8  1
8  8  9  1
9  9  10  1
10  10  11  1
11  11  12  1
12  12  13  1
13  13  14  1
14  14  15  1
15  15  16  1
16  16  17  1
17  17  18  1
18  18  19  1
19  19  20  1
20  20  21  1
21  21  22  1
22  22  23  1
23  23  24  1
24  24  25  1
25  25  26  1
26  26  27  1
27  27  28  1
28  28  29  1
29  29  30  1
30  30  31  1
31  31  32  1
32  32  33  1
